dataset_kind,dataset_id,dataset_slug,dataset_name,record_kind,country_code,country_name,disease_id,disease_name_en,disease_name_zh,category,date,year_month,value,cases,weekly_equiv_cases,deaths,incidence_rate_per_100k,incidence_rate_source,mortality_rate,series_code,source_series_code,source_system,source_label,metric_type,reporting_basis,temporal_granularity,unit,geography_key,dimension_key,mapping_relation,comparability,aggregation_policy,availability_status,missing_value_policy,definition_version,case_definition,case_definition_uri,quality_status,is_selected_series,data_layer,projection_policy,coverage_status,loss_risk,selected_series_codes,available_series_count,provenance_note,primary_source_scope,primary_source_label,primary_source_url,primary_source_type,source_scopes,source_labels,source_urls,source_types
country,ca,ca,Canada,public_projection,CA,Canada,D001,Plague,鼠疫,Bacterial,1935-01-01,1935-01,0,0,,,,missing_population,,SER_CA_PHAC_CNDSS_D89_ANNUAL,,,,,,annual,,,,,,,,,,,,,,series_registry,single_series,parity,,SER_CA_PHAC_CNDSS_D89_ANNUAL,1,The public curve is read directly from one registered source series.,all,Canada PHAC CNDSS Annual,https://diseases.canada.ca/notifiable/extract-dataset,web,all,Canada PHAC CNDSS Annual,https://diseases.canada.ca/notifiable/extract-dataset,web
country,ca,ca,Canada,source_series_observation,CA,Canada,D001,Plague,鼠疫,Bacterial,1935-01-01,1935-01,0,0,,,,,,SER_CA_PHAC_CNDSS_D89_ANNUAL,SER_CA_PHAC_CNDSS_D89_ANNUAL,SRC_CA_PHAC_CNDSS,Plague,case_notifications,provincial_territorial_voluntary_notifications_national,annual,count,country:CA:national,all,exact,conditional,non_additive,active,missing_is_unknown,CNDSS_NATIONAL_ANNUAL_2026_08,PHAC CNDSS national annual reported count assembled from voluntary provincial and territorial submissions. Disease-specific reporting coverage and definitions vary over time; null cells are unknown and explicit zeroes are retained.,,raw,True,series_registry,single_series,parity,,SER_CA_PHAC_CNDSS_D89_ANNUAL,1,The public curve is read directly from one registered source series.,all,Canada PHAC CNDSS Annual,https://diseases.canada.ca/notifiable/extract-dataset,web,all,Canada PHAC CNDSS Annual,https://diseases.canada.ca/notifiable/extract-dataset,web
country,ca,ca,Canada,public_projection,CA,Canada,D002,Cholera,霍乱,Bacterial,1935-01-01,1935-01,0,0,,,,missing_population,,SER_CA_PHAC_CNDSS_D21_ANNUAL,,,,,,annual,,,,,,,,,,,,,,series_registry,single_series,parity,,SER_CA_PHAC_CNDSS_D21_ANNUAL,1,The public curve is read directly from one registered source series.,all,Canada PHAC CNDSS Annual,https://diseases.canada.ca/notifiable/extract-dataset,web,all,Canada PHAC CNDSS Annual,https://diseases.canada.ca/notifiable/extract-dataset,web
country,ca,ca,Canada,source_series_observation,CA,Canada,D002,Cholera,霍乱,Bacterial,1935-01-01,1935-01,0,0,,,,,,SER_CA_PHAC_CNDSS_D21_ANNUAL,SER_CA_PHAC_CNDSS_D21_ANNUAL,SRC_CA_PHAC_CNDSS,Cholera,case_notifications,provincial_territorial_voluntary_notifications_national,annual,count,country:CA:national,all,exact,conditional,non_additive,active,missing_is_unknown,CNDSS_NATIONAL_ANNUAL_2026_08,PHAC CNDSS national annual reported count assembled from voluntary provincial and territorial submissions. Disease-specific reporting coverage and definitions vary over time; null cells are unknown and explicit zeroes are retained.,,raw,True,series_registry,single_series,parity,,SER_CA_PHAC_CNDSS_D21_ANNUAL,1,The public curve is read directly from one registered source series.,all,Canada PHAC CNDSS Annual,https://diseases.canada.ca/notifiable/extract-dataset,web,all,Canada PHAC CNDSS Annual,https://diseases.canada.ca/notifiable/extract-dataset,web
country,ca,ca,Canada,public_projection,CA,Canada,D007,Hepatitis A,甲型肝炎,Viral,1935-01-01,1935-01,15,15,,,,missing_population,,SER_CA_PHAC_CNDSS_D48_ANNUAL,,,,,,annual,,,,,,,,,,,,,,series_registry,single_series,parity,,SER_CA_PHAC_CNDSS_D48_ANNUAL,1,The public curve is read directly from one registered source series.,all,Canada PHAC CNDSS Annual,https://diseases.canada.ca/notifiable/extract-dataset,web,all,Canada PHAC CNDSS Annual,https://diseases.canada.ca/notifiable/extract-dataset,web
country,ca,ca,Canada,source_series_observation,CA,Canada,D007,Hepatitis A,甲型肝炎,Viral,1935-01-01,1935-01,15,15,,,,,,SER_CA_PHAC_CNDSS_D48_ANNUAL,SER_CA_PHAC_CNDSS_D48_ANNUAL,SRC_CA_PHAC_CNDSS,Hepatitis A,case_notifications,provincial_territorial_voluntary_notifications_national,annual,count,country:CA:national,all,exact,conditional,non_additive,active,missing_is_unknown,CNDSS_NATIONAL_ANNUAL_2026_08,PHAC CNDSS national annual reported count assembled from voluntary provincial and territorial submissions. Disease-specific reporting coverage and definitions vary over time; null cells are unknown and explicit zeroes are retained.,,raw,True,series_registry,single_series,parity,,SER_CA_PHAC_CNDSS_D48_ANNUAL,1,The public curve is read directly from one registered source series.,all,Canada PHAC CNDSS Annual,https://diseases.canada.ca/notifiable/extract-dataset,web,all,Canada PHAC CNDSS Annual,https://diseases.canada.ca/notifiable/extract-dataset,web
country,ca,ca,Canada,public_projection,CA,Canada,D013,Poliomyelitis,脊髓灰质炎,Viral,1935-01-01,1935-01,363,363,,,,missing_population,,SER_CA_PHAC_CNDSS_D94_ANNUAL,,,,,,annual,,,,,,,,,,,,,,series_registry,single_series,parity,,SER_CA_PHAC_CNDSS_D94_ANNUAL,1,The public curve is read directly from one registered source series.,all,Canada PHAC CNDSS Annual,https://diseases.canada.ca/notifiable/extract-dataset,web,all,Canada PHAC CNDSS Annual,https://diseases.canada.ca/notifiable/extract-dataset,web
country,ca,ca,Canada,source_series_observation,CA,Canada,D013,Poliomyelitis,脊髓灰质炎,Viral,1935-01-01,1935-01,363,363,,,,,,SER_CA_PHAC_CNDSS_D94_ANNUAL,SER_CA_PHAC_CNDSS_D94_ANNUAL,SRC_CA_PHAC_CNDSS,Poliomyelitis,case_notifications,provincial_territorial_voluntary_notifications_national,annual,count,country:CA:national,all,exact,conditional,non_additive,active,missing_is_unknown,CNDSS_NATIONAL_ANNUAL_2026_08,PHAC CNDSS national annual reported count assembled from voluntary provincial and territorial submissions. Disease-specific reporting coverage and definitions vary over time; null cells are unknown and explicit zeroes are retained.,,raw,True,series_registry,single_series,parity,,SER_CA_PHAC_CNDSS_D94_ANNUAL,1,The public curve is read directly from one registered source series.,all,Canada PHAC CNDSS Annual,https://diseases.canada.ca/notifiable/extract-dataset,web,all,Canada PHAC CNDSS Annual,https://diseases.canada.ca/notifiable/extract-dataset,web
country,ca,ca,Canada,public_projection,CA,Canada,D017,Measles,麻疹,Viral,1935-01-01,1935-01,83127,83127,,,,missing_population,,SER_CA_PHAC_CNDSS_D70_ANNUAL,,,,,,annual,,,,,,,,,,,,,,series_registry,single_series,parity,,SER_CA_PHAC_CNDSS_D70_ANNUAL,1,The public curve is read directly from one registered source series.,all,Canada PHAC CNDSS Annual,https://diseases.canada.ca/notifiable/extract-dataset,web,all,Canada PHAC CNDSS Annual,https://diseases.canada.ca/notifiable/extract-dataset,web
country,ca,ca,Canada,source_series_observation,CA,Canada,D017,Measles,麻疹,Viral,1935-01-01,1935-01,83127,83127,,,,,,SER_CA_PHAC_CNDSS_D70_ANNUAL,SER_CA_PHAC_CNDSS_D70_ANNUAL,SRC_CA_PHAC_CNDSS,Measles,case_notifications,provincial_territorial_voluntary_notifications_national,annual,count,country:CA:national,all,exact,conditional,non_additive,active,missing_is_unknown,CNDSS_NATIONAL_ANNUAL_2026_08,PHAC CNDSS national annual reported count assembled from voluntary provincial and territorial submissions. Disease-specific reporting coverage and definitions vary over time; null cells are unknown and explicit zeroes are retained.,,raw,True,series_registry,single_series,parity,,SER_CA_PHAC_CNDSS_D70_ANNUAL,1,The public curve is read directly from one registered source series.,all,Canada PHAC CNDSS Annual,https://diseases.canada.ca/notifiable/extract-dataset,web,all,Canada PHAC CNDSS Annual,https://diseases.canada.ca/notifiable/extract-dataset,web
country,ca,ca,Canada,public_projection,CA,Canada,D019,Rabies,狂犬病,Viral,1935-01-01,1935-01,0,0,,,,missing_population,,SER_CA_PHAC_CNDSS_D98_ANNUAL,,,,,,annual,,,,,,,,,,,,,,series_registry,single_series,parity,,SER_CA_PHAC_CNDSS_D98_ANNUAL,1,The public curve is read directly from one registered source series.,all,Canada PHAC CNDSS Annual,https://diseases.canada.ca/notifiable/extract-dataset,web,all,Canada PHAC CNDSS Annual,https://diseases.canada.ca/notifiable/extract-dataset,web
country,ca,ca,Canada,source_series_observation,CA,Canada,D019,Rabies,狂犬病,Viral,1935-01-01,1935-01,0,0,,,,,,SER_CA_PHAC_CNDSS_D98_ANNUAL,SER_CA_PHAC_CNDSS_D98_ANNUAL,SRC_CA_PHAC_CNDSS,Rabies,case_notifications,provincial_territorial_voluntary_notifications_national,annual,count,country:CA:national,all,exact,conditional,non_additive,active,missing_is_unknown,CNDSS_NATIONAL_ANNUAL_2026_08,PHAC CNDSS national annual reported count assembled from voluntary provincial and territorial submissions. Disease-specific reporting coverage and definitions vary over time; null cells are unknown and explicit zeroes are retained.,,raw,True,series_registry,single_series,parity,,SER_CA_PHAC_CNDSS_D98_ANNUAL,1,The public curve is read directly from one registered source series.,all,Canada PHAC CNDSS Annual,https://diseases.canada.ca/notifiable/extract-dataset,web,all,Canada PHAC CNDSS Annual,https://diseases.canada.ca/notifiable/extract-dataset,web
country,ca,ca,Canada,public_projection,CA,Canada,D023,Anthrax,炭疽,Bacterial,1935-01-01,1935-01,0,0,,,,missing_population,,SER_CA_PHAC_CNDSS_D6_ANNUAL,,,,,,annual,,,,,,,,,,,,,,series_registry,single_series,parity,,SER_CA_PHAC_CNDSS_D6_ANNUAL,1,The public curve is read directly from one registered source series.,all,Canada PHAC CNDSS Annual,https://diseases.canada.ca/notifiable/extract-dataset,web,all,Canada PHAC CNDSS Annual,https://diseases.canada.ca/notifiable/extract-dataset,web
country,ca,ca,Canada,source_series_observation,CA,Canada,D023,Anthrax,炭疽,Bacterial,1935-01-01,1935-01,0,0,,,,,,SER_CA_PHAC_CNDSS_D6_ANNUAL,SER_CA_PHAC_CNDSS_D6_ANNUAL,SRC_CA_PHAC_CNDSS,Anthrax,case_notifications,provincial_territorial_voluntary_notifications_national,annual,count,country:CA:national,all,exact,conditional,non_additive,active,missing_is_unknown,CNDSS_NATIONAL_ANNUAL_2026_08,PHAC CNDSS national annual reported count assembled from voluntary provincial and territorial submissions. Disease-specific reporting coverage and definitions vary over time; null cells are unknown and explicit zeroes are retained.,,raw,True,series_registry,single_series,parity,,SER_CA_PHAC_CNDSS_D6_ANNUAL,1,The public curve is read directly from one registered source series.,all,Canada PHAC CNDSS Annual,https://diseases.canada.ca/notifiable/extract-dataset,web,all,Canada PHAC CNDSS Annual,https://diseases.canada.ca/notifiable/extract-dataset,web
country,ca,ca,Canada,public_projection,CA,Canada,D025,Tuberculosis,肺结核,Bacterial,1935-01-01,1935-01,8767,8767,,,,missing_population,,SER_CA_PHAC_CNDSS_D119_ANNUAL,,,,,,annual,,,,,,,,,,,,,,series_registry,single_series,parity,,SER_CA_PHAC_CNDSS_D119_ANNUAL,1,The public curve is read directly from one registered source series.,all,Canada PHAC CNDSS Annual,https://diseases.canada.ca/notifiable/extract-dataset,web,all,Canada PHAC CNDSS Annual,https://diseases.canada.ca/notifiable/extract-dataset,web
country,ca,ca,Canada,source_series_observation,CA,Canada,D025,Tuberculosis,肺结核,Bacterial,1935-01-01,1935-01,8767,8767,,,,,,SER_CA_PHAC_CNDSS_D119_ANNUAL,SER_CA_PHAC_CNDSS_D119_ANNUAL,SRC_CA_PHAC_CNDSS,Tuberculosis,case_notifications,provincial_territorial_voluntary_notifications_national,annual,count,country:CA:national,all,exact,conditional,non_additive,active,missing_is_unknown,CNDSS_NATIONAL_ANNUAL_2026_08,PHAC CNDSS national annual reported count assembled from voluntary provincial and territorial submissions. Disease-specific reporting coverage and definitions vary over time; null cells are unknown and explicit zeroes are retained.,,raw,True,series_registry,single_series,parity,,SER_CA_PHAC_CNDSS_D119_ANNUAL,1,The public curve is read directly from one registered source series.,all,Canada PHAC CNDSS Annual,https://diseases.canada.ca/notifiable/extract-dataset,web,all,Canada PHAC CNDSS Annual,https://diseases.canada.ca/notifiable/extract-dataset,web
country,ca,ca,Canada,public_projection,CA,Canada,D028,Pertussis,百日咳,Bacterial,1935-01-01,1935-01,17991,17991,,,,missing_population,,SER_CA_PHAC_CNDSS_D85_ANNUAL,,,,,,annual,,,,,,,,,,,,,,series_registry,single_series,parity,,SER_CA_PHAC_CNDSS_D85_ANNUAL,1,The public curve is read directly from one registered source series.,all,Canada PHAC CNDSS Annual,https://diseases.canada.ca/notifiable/extract-dataset,web,all,Canada PHAC CNDSS Annual,https://diseases.canada.ca/notifiable/extract-dataset,web
country,ca,ca,Canada,source_series_observation,CA,Canada,D028,Pertussis,百日咳,Bacterial,1935-01-01,1935-01,17991,17991,,,,,,SER_CA_PHAC_CNDSS_D85_ANNUAL,SER_CA_PHAC_CNDSS_D85_ANNUAL,SRC_CA_PHAC_CNDSS,Pertussis,case_notifications,provincial_territorial_voluntary_notifications_national,annual,count,country:CA:national,all,exact,conditional,non_additive,active,missing_is_unknown,CNDSS_NATIONAL_ANNUAL_2026_08,PHAC CNDSS national annual reported count assembled from voluntary provincial and territorial submissions. Disease-specific reporting coverage and definitions vary over time; null cells are unknown and explicit zeroes are retained.,,raw,True,series_registry,single_series,parity,,SER_CA_PHAC_CNDSS_D85_ANNUAL,1,The public curve is read directly from one registered source series.,all,Canada PHAC CNDSS Annual,https://diseases.canada.ca/notifiable/extract-dataset,web,all,Canada PHAC CNDSS Annual,https://diseases.canada.ca/notifiable/extract-dataset,web
country,ca,ca,Canada,public_projection,CA,Canada,D029,Diphtheria,白喉,Bacterial,1935-01-01,1935-01,1999,1999,,,,missing_population,,SER_CA_PHAC_CNDSS_D32_ANNUAL,,,,,,annual,,,,,,,,,,,,,,series_registry,single_series,parity,,SER_CA_PHAC_CNDSS_D32_ANNUAL,1,The public curve is read directly from one registered source series.,all,Canada PHAC CNDSS Annual,https://diseases.canada.ca/notifiable/extract-dataset,web,all,Canada PHAC CNDSS Annual,https://diseases.canada.ca/notifiable/extract-dataset,web
country,ca,ca,Canada,source_series_observation,CA,Canada,D029,Diphtheria,白喉,Bacterial,1935-01-01,1935-01,1999,1999,,,,,,SER_CA_PHAC_CNDSS_D32_ANNUAL,SER_CA_PHAC_CNDSS_D32_ANNUAL,SRC_CA_PHAC_CNDSS,Diphtheria,case_notifications,provincial_territorial_voluntary_notifications_national,annual,count,country:CA:national,all,exact,conditional,non_additive,active,missing_is_unknown,CNDSS_NATIONAL_ANNUAL_2026_08,PHAC CNDSS national annual reported count assembled from voluntary provincial and territorial submissions. Disease-specific reporting coverage and definitions vary over time; null cells are unknown and explicit zeroes are retained.,,raw,True,series_registry,single_series,parity,,SER_CA_PHAC_CNDSS_D32_ANNUAL,1,The public curve is read directly from one registered source series.,all,Canada PHAC CNDSS Annual,https://diseases.canada.ca/notifiable/extract-dataset,web,all,Canada PHAC CNDSS Annual,https://diseases.canada.ca/notifiable/extract-dataset,web
country,ca,ca,Canada,public_projection,CA,Canada,D032,Brucellosis,布鲁氏菌病,Bacterial,1935-01-01,1935-01,156,156,,,,missing_population,,SER_CA_PHAC_CNDSS_D15_ANNUAL,,,,,,annual,,,,,,,,,,,,,,series_registry,single_series,parity,,SER_CA_PHAC_CNDSS_D15_ANNUAL,1,The public curve is read directly from one registered source series.,all,Canada PHAC CNDSS Annual,https://diseases.canada.ca/notifiable/extract-dataset,web,all,Canada PHAC CNDSS Annual,https://diseases.canada.ca/notifiable/extract-dataset,web
country,ca,ca,Canada,source_series_observation,CA,Canada,D032,Brucellosis,布鲁氏菌病,Bacterial,1935-01-01,1935-01,156,156,,,,,,SER_CA_PHAC_CNDSS_D15_ANNUAL,SER_CA_PHAC_CNDSS_D15_ANNUAL,SRC_CA_PHAC_CNDSS,Brucellosis,case_notifications,provincial_territorial_voluntary_notifications_national,annual,count,country:CA:national,all,exact,conditional,non_additive,active,missing_is_unknown,CNDSS_NATIONAL_ANNUAL_2026_08,PHAC CNDSS national annual reported count assembled from voluntary provincial and territorial submissions. Disease-specific reporting coverage and definitions vary over time; null cells are unknown and explicit zeroes are retained.,,raw,True,series_registry,single_series,parity,,SER_CA_PHAC_CNDSS_D15_ANNUAL,1,The public curve is read directly from one registered source series.,all,Canada PHAC CNDSS Annual,https://diseases.canada.ca/notifiable/extract-dataset,web,all,Canada PHAC CNDSS Annual,https://diseases.canada.ca/notifiable/extract-dataset,web
country,ca,ca,Canada,public_projection,CA,Canada,D033,Gonorrhea,淋病,Bacterial,1935-01-01,1935-01,2631,2631,,,,missing_population,,SER_CA_PHAC_CNDSS_D45_ANNUAL,,,,,,annual,,,,,,,,,,,,,,series_registry,single_series,parity,,SER_CA_PHAC_CNDSS_D45_ANNUAL,1,The public curve is read directly from one registered source series.,all,Canada PHAC CNDSS Annual,https://diseases.canada.ca/notifiable/extract-dataset,web,all,Canada PHAC CNDSS Annual,https://diseases.canada.ca/notifiable/extract-dataset,web
country,ca,ca,Canada,source_series_observation,CA,Canada,D033,Gonorrhea,淋病,Bacterial,1935-01-01,1935-01,2631,2631,,,,,,SER_CA_PHAC_CNDSS_D45_ANNUAL,SER_CA_PHAC_CNDSS_D45_ANNUAL,SRC_CA_PHAC_CNDSS,Gonorrhea,case_notifications,provincial_territorial_voluntary_notifications_national,annual,count,country:CA:national,all,exact,conditional,non_additive,active,missing_is_unknown,CNDSS_NATIONAL_ANNUAL_2026_08,PHAC CNDSS national annual reported count assembled from voluntary provincial and territorial submissions. Disease-specific reporting coverage and definitions vary over time; null cells are unknown and explicit zeroes are retained.,,raw,True,series_registry,single_series,parity,,SER_CA_PHAC_CNDSS_D45_ANNUAL,1,The public curve is read directly from one registered source series.,all,Canada PHAC CNDSS Annual,https://diseases.canada.ca/notifiable/extract-dataset,web,all,Canada PHAC CNDSS Annual,https://diseases.canada.ca/notifiable/extract-dataset,web
country,ca,ca,Canada,public_projection,CA,Canada,D034,Syphilis,梅毒,Bacterial,1935-01-01,1935-01,1861,1861,,,,missing_population,,SER_CA_PHAC_CNDSS_D117_ANNUAL,,,,,,annual,,,,,,,,,,,,,,series_registry,single_series,parity,,SER_CA_PHAC_CNDSS_D117_ANNUAL,1,The public curve is read directly from one registered source series.,all,Canada PHAC CNDSS Annual,https://diseases.canada.ca/notifiable/extract-dataset,web,all,Canada PHAC CNDSS Annual,https://diseases.canada.ca/notifiable/extract-dataset,web
country,ca,ca,Canada,source_series_observation,CA,Canada,D034,Syphilis,梅毒,Bacterial,1935-01-01,1935-01,1861,1861,,,,,,SER_CA_PHAC_CNDSS_D117_ANNUAL,SER_CA_PHAC_CNDSS_D117_ANNUAL,SRC_CA_PHAC_CNDSS,Syphilis,case_notifications,provincial_territorial_voluntary_notifications_national,annual,count,country:CA:national,all,exact,conditional,non_additive,active,missing_is_unknown,CNDSS_NATIONAL_ANNUAL_2026_08,PHAC CNDSS national annual reported count assembled from voluntary provincial and territorial submissions. Disease-specific reporting coverage and definitions vary over time; null cells are unknown and explicit zeroes are retained.,,raw,True,series_registry,single_series,parity,,SER_CA_PHAC_CNDSS_D117_ANNUAL,1,The public curve is read directly from one registered source series.,all,Canada PHAC CNDSS Annual,https://diseases.canada.ca/notifiable/extract-dataset,web,all,Canada PHAC CNDSS Annual,https://diseases.canada.ca/notifiable/extract-dataset,web
country,ca,ca,Canada,public_projection,CA,Canada,D037,Malaria,疟疾,Parasitic,1935-01-01,1935-01,5,5,,,,missing_population,,SER_CA_PHAC_CNDSS_D69_ANNUAL,,,,,,annual,,,,,,,,,,,,,,series_registry,single_series,parity,,SER_CA_PHAC_CNDSS_D69_ANNUAL,1,The public curve is read directly from one registered source series.,all,Canada PHAC CNDSS Annual,https://diseases.canada.ca/notifiable/extract-dataset,web,all,Canada PHAC CNDSS Annual,https://diseases.canada.ca/notifiable/extract-dataset,web
country,ca,ca,Canada,source_series_observation,CA,Canada,D037,Malaria,疟疾,Parasitic,1935-01-01,1935-01,5,5,,,,,,SER_CA_PHAC_CNDSS_D69_ANNUAL,SER_CA_PHAC_CNDSS_D69_ANNUAL,SRC_CA_PHAC_CNDSS,Malaria,case_notifications,provincial_territorial_voluntary_notifications_national,annual,count,country:CA:national,all,exact,conditional,non_additive,active,missing_is_unknown,CNDSS_NATIONAL_ANNUAL_2026_08,PHAC CNDSS national annual reported count assembled from voluntary provincial and territorial submissions. Disease-specific reporting coverage and definitions vary over time; null cells are unknown and explicit zeroes are retained.,,raw,True,series_registry,single_series,parity,,SER_CA_PHAC_CNDSS_D69_ANNUAL,1,The public curve is read directly from one registered source series.,all,Canada PHAC CNDSS Annual,https://diseases.canada.ca/notifiable/extract-dataset,web,all,Canada PHAC CNDSS Annual,https://diseases.canada.ca/notifiable/extract-dataset,web
country,ca,ca,Canada,public_projection,CA,Canada,D038,Influenza,流行性感冒,Viral,1935-01-01,1935-01,6054,6054,,,,missing_population,,SER_CA_PHAC_CNDSS_D958_ANNUAL,,,,,,annual,,,,,,,,,,,,,,series_registry,single_series,parity,,SER_CA_PHAC_CNDSS_D958_ANNUAL,1,The public curve is read directly from one registered source series.,all,Canada PHAC CNDSS Annual,https://diseases.canada.ca/notifiable/extract-dataset,web,all,Canada PHAC CNDSS Annual,https://diseases.canada.ca/notifiable/extract-dataset,web
country,ca,ca,Canada,source_series_observation,CA,Canada,D038,Influenza,流行性感冒,Viral,1935-01-01,1935-01,6054,6054,,,,,,SER_CA_PHAC_CNDSS_D958_ANNUAL,SER_CA_PHAC_CNDSS_D958_ANNUAL,SRC_CA_PHAC_CNDSS,"Influenza, Epidemic",case_notifications,provincial_territorial_voluntary_notifications_national,annual,count,country:CA:national,all,exact,conditional,non_additive,active,missing_is_unknown,CNDSS_NATIONAL_ANNUAL_2026_08,PHAC CNDSS national annual reported count assembled from voluntary provincial and territorial submissions. Disease-specific reporting coverage and definitions vary over time; null cells are unknown and explicit zeroes are retained.,,raw,True,series_registry,single_series,parity,,SER_CA_PHAC_CNDSS_D958_ANNUAL,1,The public curve is read directly from one registered source series.,all,Canada PHAC CNDSS Annual,https://diseases.canada.ca/notifiable/extract-dataset,web,all,Canada PHAC CNDSS Annual,https://diseases.canada.ca/notifiable/extract-dataset,web
country,ca,ca,Canada,public_projection,CA,Canada,D039,Mumps,流行性腮腺炎,Viral,1935-01-01,1935-01,22644,22644,,,,missing_population,,SER_CA_PHAC_CNDSS_D78_ANNUAL,,,,,,annual,,,,,,,,,,,,,,series_registry,single_series,parity,,SER_CA_PHAC_CNDSS_D78_ANNUAL,1,The public curve is read directly from one registered source series.,all,Canada PHAC CNDSS Annual,https://diseases.canada.ca/notifiable/extract-dataset,web,all,Canada PHAC CNDSS Annual,https://diseases.canada.ca/notifiable/extract-dataset,web
country,ca,ca,Canada,source_series_observation,CA,Canada,D039,Mumps,流行性腮腺炎,Viral,1935-01-01,1935-01,22644,22644,,,,,,SER_CA_PHAC_CNDSS_D78_ANNUAL,SER_CA_PHAC_CNDSS_D78_ANNUAL,SRC_CA_PHAC_CNDSS,Mumps,case_notifications,provincial_territorial_voluntary_notifications_national,annual,count,country:CA:national,all,exact,conditional,non_additive,active,missing_is_unknown,CNDSS_NATIONAL_ANNUAL_2026_08,PHAC CNDSS national annual reported count assembled from voluntary provincial and territorial submissions. Disease-specific reporting coverage and definitions vary over time; null cells are unknown and explicit zeroes are retained.,,raw,True,series_registry,single_series,parity,,SER_CA_PHAC_CNDSS_D78_ANNUAL,1,The public curve is read directly from one registered source series.,all,Canada PHAC CNDSS Annual,https://diseases.canada.ca/notifiable/extract-dataset,web,all,Canada PHAC CNDSS Annual,https://diseases.canada.ca/notifiable/extract-dataset,web
country,ca,ca,Canada,public_projection,CA,Canada,D040,Rubella,风疹,Viral,1935-01-01,1935-01,25029,25029,,,,missing_population,,SER_CA_PHAC_CNDSS_D106_ANNUAL,,,,,,annual,,,,,,,,,,,,,,series_registry,single_series,parity,,SER_CA_PHAC_CNDSS_D106_ANNUAL,1,The public curve is read directly from one registered source series.,all,Canada PHAC CNDSS Annual,https://diseases.canada.ca/notifiable/extract-dataset,web,all,Canada PHAC CNDSS Annual,https://diseases.canada.ca/notifiable/extract-dataset,web
country,ca,ca,Canada,source_series_observation,CA,Canada,D040,Rubella,风疹,Viral,1935-01-01,1935-01,25029,25029,,,,,,SER_CA_PHAC_CNDSS_D106_ANNUAL,SER_CA_PHAC_CNDSS_D106_ANNUAL,SRC_CA_PHAC_CNDSS,Rubella,case_notifications,provincial_territorial_voluntary_notifications_national,annual,count,country:CA:national,all,exact,conditional,non_additive,active,missing_is_unknown,CNDSS_NATIONAL_ANNUAL_2026_08,PHAC CNDSS national annual reported count assembled from voluntary provincial and territorial submissions. Disease-specific reporting coverage and definitions vary over time; null cells are unknown and explicit zeroes are retained.,,raw,True,series_registry,single_series,parity,,SER_CA_PHAC_CNDSS_D106_ANNUAL,1,The public curve is read directly from one registered source series.,all,Canada PHAC CNDSS Annual,https://diseases.canada.ca/notifiable/extract-dataset,web,all,Canada PHAC CNDSS Annual,https://diseases.canada.ca/notifiable/extract-dataset,web
country,ca,ca,Canada,public_projection,CA,Canada,D042,Leprosy,麻风病,Bacterial,1935-01-01,1935-01,1,1,,,,missing_population,,SER_CA_PHAC_CNDSS_D64_ANNUAL,,,,,,annual,,,,,,,,,,,,,,series_registry,single_series,parity,,SER_CA_PHAC_CNDSS_D64_ANNUAL,1,The public curve is read directly from one registered source series.,all,Canada PHAC CNDSS Annual,https://diseases.canada.ca/notifiable/extract-dataset,web,all,Canada PHAC CNDSS Annual,https://diseases.canada.ca/notifiable/extract-dataset,web
country,ca,ca,Canada,source_series_observation,CA,Canada,D042,Leprosy,麻风病,Bacterial,1935-01-01,1935-01,1,1,,,,,,SER_CA_PHAC_CNDSS_D64_ANNUAL,SER_CA_PHAC_CNDSS_D64_ANNUAL,SRC_CA_PHAC_CNDSS,Leprosy,case_notifications,provincial_territorial_voluntary_notifications_national,annual,count,country:CA:national,all,exact,conditional,non_additive,active,missing_is_unknown,CNDSS_NATIONAL_ANNUAL_2026_08,PHAC CNDSS national annual reported count assembled from voluntary provincial and territorial submissions. Disease-specific reporting coverage and definitions vary over time; null cells are unknown and explicit zeroes are retained.,,raw,True,series_registry,single_series,parity,,SER_CA_PHAC_CNDSS_D64_ANNUAL,1,The public curve is read directly from one registered source series.,all,Canada PHAC CNDSS Annual,https://diseases.canada.ca/notifiable/extract-dataset,web,all,Canada PHAC CNDSS Annual,https://diseases.canada.ca/notifiable/extract-dataset,web
country,ca,ca,Canada,public_projection,CA,Canada,D054,Varicella,水痘,Viral,1935-01-01,1935-01,27634,27634,,,,missing_population,,SER_CA_PHAC_CNDSS_D20_ANNUAL,,,,,,annual,,,,,,,,,,,,,,series_registry,single_series,parity,,SER_CA_PHAC_CNDSS_D20_ANNUAL,1,The public curve is read directly from one registered source series.,all,Canada PHAC CNDSS Annual,https://diseases.canada.ca/notifiable/extract-dataset,web,all,Canada PHAC CNDSS Annual,https://diseases.canada.ca/notifiable/extract-dataset,web
country,ca,ca,Canada,source_series_observation,CA,Canada,D054,Varicella,水痘,Viral,1935-01-01,1935-01,27634,27634,,,,,,SER_CA_PHAC_CNDSS_D20_ANNUAL,SER_CA_PHAC_CNDSS_D20_ANNUAL,SRC_CA_PHAC_CNDSS,Chickenpox,case_notifications,provincial_territorial_voluntary_notifications_national,annual,count,country:CA:national,all,exact,conditional,non_additive,active,missing_is_unknown,CNDSS_NATIONAL_ANNUAL_2026_08,PHAC CNDSS national annual reported count assembled from voluntary provincial and territorial submissions. Disease-specific reporting coverage and definitions vary over time; null cells are unknown and explicit zeroes are retained.,,raw,True,series_registry,single_series,parity,,SER_CA_PHAC_CNDSS_D20_ANNUAL,1,The public curve is read directly from one registered source series.,all,Canada PHAC CNDSS Annual,https://diseases.canada.ca/notifiable/extract-dataset,web,all,Canada PHAC CNDSS Annual,https://diseases.canada.ca/notifiable/extract-dataset,web
country,ca,ca,Canada,public_projection,CA,Canada,D059,Yellow fever,黄热病,Viral,1935-01-01,1935-01,0,0,,,,missing_population,,SER_CA_PHAC_CNDSS_D134_ANNUAL,,,,,,annual,,,,,,,,,,,,,,series_registry,single_series,parity,,SER_CA_PHAC_CNDSS_D134_ANNUAL,1,The public curve is read directly from one registered source series.,all,Canada PHAC CNDSS Annual,https://diseases.canada.ca/notifiable/extract-dataset,web,all,Canada PHAC CNDSS Annual,https://diseases.canada.ca/notifiable/extract-dataset,web
country,ca,ca,Canada,source_series_observation,CA,Canada,D059,Yellow fever,黄热病,Viral,1935-01-01,1935-01,0,0,,,,,,SER_CA_PHAC_CNDSS_D134_ANNUAL,SER_CA_PHAC_CNDSS_D134_ANNUAL,SRC_CA_PHAC_CNDSS,Yellow Fever,case_notifications,provincial_territorial_voluntary_notifications_national,annual,count,country:CA:national,all,exact,conditional,non_additive,active,missing_is_unknown,CNDSS_NATIONAL_ANNUAL_2026_08,PHAC CNDSS national annual reported count assembled from voluntary provincial and territorial submissions. Disease-specific reporting coverage and definitions vary over time; null cells are unknown and explicit zeroes are retained.,,raw,True,series_registry,single_series,parity,,SER_CA_PHAC_CNDSS_D134_ANNUAL,1,The public curve is read directly from one registered source series.,all,Canada PHAC CNDSS Annual,https://diseases.canada.ca/notifiable/extract-dataset,web,all,Canada PHAC CNDSS Annual,https://diseases.canada.ca/notifiable/extract-dataset,web
country,ca,ca,Canada,public_projection,CA,Canada,D064,Smallpox,天花,,1935-01-01,1935-01,34,34,,,,missing_population,,SER_CA_PHAC_CNDSS_D112_ANNUAL,,,,,,annual,,,,,,,,,,,,,,series_registry,single_series,parity,,SER_CA_PHAC_CNDSS_D112_ANNUAL,1,The public curve is read directly from one registered source series.,all,Canada PHAC CNDSS Annual,https://diseases.canada.ca/notifiable/extract-dataset,web,all,Canada PHAC CNDSS Annual,https://diseases.canada.ca/notifiable/extract-dataset,web
country,ca,ca,Canada,source_series_observation,CA,Canada,D064,Smallpox,天花,,1935-01-01,1935-01,34,34,,,,,,SER_CA_PHAC_CNDSS_D112_ANNUAL,SER_CA_PHAC_CNDSS_D112_ANNUAL,SRC_CA_PHAC_CNDSS,Smallpox,case_notifications,provincial_territorial_voluntary_notifications_national,annual,count,country:CA:national,all,exact,conditional,non_additive,active,missing_is_unknown,CNDSS_NATIONAL_ANNUAL_2026_08,PHAC CNDSS national annual reported count assembled from voluntary provincial and territorial submissions. Disease-specific reporting coverage and definitions vary over time; null cells are unknown and explicit zeroes are retained.,,raw,True,series_registry,single_series,parity,,SER_CA_PHAC_CNDSS_D112_ANNUAL,1,The public curve is read directly from one registered source series.,all,Canada PHAC CNDSS Annual,https://diseases.canada.ca/notifiable/extract-dataset,web,all,Canada PHAC CNDSS Annual,https://diseases.canada.ca/notifiable/extract-dataset,web
country,ca,ca,Canada,public_projection,CA,Canada,D091,Botulism,肉毒杆菌中毒,Bacterial,1935-01-01,1935-01,0,0,,,,missing_population,,SER_CA_PHAC_CNDSS_D13_ANNUAL,,,,,,annual,,,,,,,,,,,,,,series_registry,single_series,parity,,SER_CA_PHAC_CNDSS_D13_ANNUAL,1,The public curve is read directly from one registered source series.,all,Canada PHAC CNDSS Annual,https://diseases.canada.ca/notifiable/extract-dataset,web,all,Canada PHAC CNDSS Annual,https://diseases.canada.ca/notifiable/extract-dataset,web
country,ca,ca,Canada,source_series_observation,CA,Canada,D091,Botulism,肉毒杆菌中毒,Bacterial,1935-01-01,1935-01,0,0,,,,,,SER_CA_PHAC_CNDSS_D13_ANNUAL,SER_CA_PHAC_CNDSS_D13_ANNUAL,SRC_CA_PHAC_CNDSS,Botulism,case_notifications,provincial_territorial_voluntary_notifications_national,annual,count,country:CA:national,all,exact,conditional,non_additive,active,missing_is_unknown,CNDSS_NATIONAL_ANNUAL_2026_08,PHAC CNDSS national annual reported count assembled from voluntary provincial and territorial submissions. Disease-specific reporting coverage and definitions vary over time; null cells are unknown and explicit zeroes are retained.,,raw,True,series_registry,single_series,parity,,SER_CA_PHAC_CNDSS_D13_ANNUAL,1,The public curve is read directly from one registered source series.,all,Canada PHAC CNDSS Annual,https://diseases.canada.ca/notifiable/extract-dataset,web,all,Canada PHAC CNDSS Annual,https://diseases.canada.ca/notifiable/extract-dataset,web
country,ca,ca,Canada,public_projection,CA,Canada,D105,Shigellosis,志贺菌病,Bacterial,1935-01-01,1935-01,2,2,,,,missing_population,,SER_CA_PHAC_CNDSS_D111_ANNUAL,,,,,,annual,,,,,,,,,,,,,,series_registry,single_series,parity,,SER_CA_PHAC_CNDSS_D111_ANNUAL,1,The public curve is read directly from one registered source series.,all,Canada PHAC CNDSS Annual,https://diseases.canada.ca/notifiable/extract-dataset,web,all,Canada PHAC CNDSS Annual,https://diseases.canada.ca/notifiable/extract-dataset,web
country,ca,ca,Canada,source_series_observation,CA,Canada,D105,Shigellosis,志贺菌病,Bacterial,1935-01-01,1935-01,2,2,,,,,,SER_CA_PHAC_CNDSS_D111_ANNUAL,SER_CA_PHAC_CNDSS_D111_ANNUAL,SRC_CA_PHAC_CNDSS,Shigellosis,case_notifications,provincial_territorial_voluntary_notifications_national,annual,count,country:CA:national,all,exact,conditional,non_additive,active,missing_is_unknown,CNDSS_NATIONAL_ANNUAL_2026_08,PHAC CNDSS national annual reported count assembled from voluntary provincial and territorial submissions. Disease-specific reporting coverage and definitions vary over time; null cells are unknown and explicit zeroes are retained.,,raw,True,series_registry,single_series,parity,,SER_CA_PHAC_CNDSS_D111_ANNUAL,1,The public curve is read directly from one registered source series.,all,Canada PHAC CNDSS Annual,https://diseases.canada.ca/notifiable/extract-dataset,web,all,Canada PHAC CNDSS Annual,https://diseases.canada.ca/notifiable/extract-dataset,web
country,ca,ca,Canada,public_projection,CA,Canada,D110,Meningococcal disease,脑膜炎球菌病,Bacterial,1935-01-01,1935-01,108,108,,,,missing_population,,SER_CA_PHAC_CNDSS_D74_ANNUAL,,,,,,annual,,,,,,,,,,,,,,series_registry,single_series,parity,,SER_CA_PHAC_CNDSS_D74_ANNUAL,1,The public curve is read directly from one registered source series.,all,Canada PHAC CNDSS Annual,https://diseases.canada.ca/notifiable/extract-dataset,web,all,Canada PHAC CNDSS Annual,https://diseases.canada.ca/notifiable/extract-dataset,web
country,ca,ca,Canada,source_series_observation,CA,Canada,D110,Meningococcal disease,脑膜炎球菌病,Bacterial,1935-01-01,1935-01,108,108,,,,,,SER_CA_PHAC_CNDSS_D74_ANNUAL,SER_CA_PHAC_CNDSS_D74_ANNUAL,SRC_CA_PHAC_CNDSS,"Meningococcal Disease, Invasive",case_notifications,provincial_territorial_voluntary_notifications_national,annual,count,country:CA:national,all,exact,conditional,non_additive,active,missing_is_unknown,CNDSS_NATIONAL_ANNUAL_2026_08,PHAC CNDSS national annual reported count assembled from voluntary provincial and territorial submissions. Disease-specific reporting coverage and definitions vary over time; null cells are unknown and explicit zeroes are retained.,,raw,True,series_registry,single_series,parity,,SER_CA_PHAC_CNDSS_D74_ANNUAL,1,The public curve is read directly from one registered source series.,all,Canada PHAC CNDSS Annual,https://diseases.canada.ca/notifiable/extract-dataset,web,all,Canada PHAC CNDSS Annual,https://diseases.canada.ca/notifiable/extract-dataset,web
country,ca,ca,Canada,public_projection,CA,Canada,D122,Trichinellosis,旋毛虫病,Parasitic,1935-01-01,1935-01,0,0,,,,missing_population,,SER_CA_PHAC_CNDSS_D123_ANNUAL,,,,,,annual,,,,,,,,,,,,,,series_registry,single_series,parity,,SER_CA_PHAC_CNDSS_D123_ANNUAL,1,The public curve is read directly from one registered source series.,all,Canada PHAC CNDSS Annual,https://diseases.canada.ca/notifiable/extract-dataset,web,all,Canada PHAC CNDSS Annual,https://diseases.canada.ca/notifiable/extract-dataset,web
country,ca,ca,Canada,source_series_observation,CA,Canada,D122,Trichinellosis,旋毛虫病,Parasitic,1935-01-01,1935-01,0,0,,,,,,SER_CA_PHAC_CNDSS_D123_ANNUAL,SER_CA_PHAC_CNDSS_D123_ANNUAL,SRC_CA_PHAC_CNDSS,Trichinosis,case_notifications,provincial_territorial_voluntary_notifications_national,annual,count,country:CA:national,all,exact,conditional,non_additive,active,missing_is_unknown,CNDSS_NATIONAL_ANNUAL_2026_08,PHAC CNDSS national annual reported count assembled from voluntary provincial and territorial submissions. Disease-specific reporting coverage and definitions vary over time; null cells are unknown and explicit zeroes are retained.,,raw,True,series_registry,single_series,parity,,SER_CA_PHAC_CNDSS_D123_ANNUAL,1,The public curve is read directly from one registered source series.,all,Canada PHAC CNDSS Annual,https://diseases.canada.ca/notifiable/extract-dataset,web,all,Canada PHAC CNDSS Annual,https://diseases.canada.ca/notifiable/extract-dataset,web
country,ca,ca,Canada,public_projection,CA,Canada,D123,Tularemia,土拉菌病,Bacterial,1935-01-01,1935-01,7,7,,,,missing_population,,SER_CA_PHAC_CNDSS_D127_ANNUAL,,,,,,annual,,,,,,,,,,,,,,series_registry,single_series,parity,,SER_CA_PHAC_CNDSS_D127_ANNUAL,1,The public curve is read directly from one registered source series.,all,Canada PHAC CNDSS Annual,https://diseases.canada.ca/notifiable/extract-dataset,web,all,Canada PHAC CNDSS Annual,https://diseases.canada.ca/notifiable/extract-dataset,web
country,ca,ca,Canada,source_series_observation,CA,Canada,D123,Tularemia,土拉菌病,Bacterial,1935-01-01,1935-01,7,7,,,,,,SER_CA_PHAC_CNDSS_D127_ANNUAL,SER_CA_PHAC_CNDSS_D127_ANNUAL,SRC_CA_PHAC_CNDSS,Tularemia,case_notifications,provincial_territorial_voluntary_notifications_national,annual,count,country:CA:national,all,exact,conditional,non_additive,active,missing_is_unknown,CNDSS_NATIONAL_ANNUAL_2026_08,PHAC CNDSS national annual reported count assembled from voluntary provincial and territorial submissions. Disease-specific reporting coverage and definitions vary over time; null cells are unknown and explicit zeroes are retained.,,raw,True,series_registry,single_series,parity,,SER_CA_PHAC_CNDSS_D127_ANNUAL,1,The public curve is read directly from one registered source series.,all,Canada PHAC CNDSS Annual,https://diseases.canada.ca/notifiable/extract-dataset,web,all,Canada PHAC CNDSS Annual,https://diseases.canada.ca/notifiable/extract-dataset,web
country,ca,ca,Canada,public_projection,CA,Canada,D124,Typhoid fever,伤寒,Bacterial,1935-01-01,1935-01,1865,1865,,,,missing_population,,SER_CA_PHAC_CNDSS_D129_ANNUAL,,,,,,annual,,,,,,,,,,,,,,series_registry,single_series,parity,,SER_CA_PHAC_CNDSS_D129_ANNUAL,1,The public curve is read directly from one registered source series.,all,Canada PHAC CNDSS Annual,https://diseases.canada.ca/notifiable/extract-dataset,web,all,Canada PHAC CNDSS Annual,https://diseases.canada.ca/notifiable/extract-dataset,web
country,ca,ca,Canada,source_series_observation,CA,Canada,D124,Typhoid fever,伤寒,Bacterial,1935-01-01,1935-01,1865,1865,,,,,,SER_CA_PHAC_CNDSS_D129_ANNUAL,SER_CA_PHAC_CNDSS_D129_ANNUAL,SRC_CA_PHAC_CNDSS,Typhoid Fever,case_notifications,provincial_territorial_voluntary_notifications_national,annual,count,country:CA:national,all,exact,conditional,non_additive,active,missing_is_unknown,CNDSS_NATIONAL_ANNUAL_2026_08,PHAC CNDSS national annual reported count assembled from voluntary provincial and territorial submissions. Disease-specific reporting coverage and definitions vary over time; null cells are unknown and explicit zeroes are retained.,,raw,True,series_registry,single_series,parity,,SER_CA_PHAC_CNDSS_D129_ANNUAL,1,The public curve is read directly from one registered source series.,all,Canada PHAC CNDSS Annual,https://diseases.canada.ca/notifiable/extract-dataset,web,all,Canada PHAC CNDSS Annual,https://diseases.canada.ca/notifiable/extract-dataset,web
country,ca,ca,Canada,public_projection,CA,Canada,D165,Amebiasis,阿米巴病,Parasitic,1935-01-01,1935-01,0,0,,,,missing_population,,SER_CA_PHAC_CNDSS_D2_ANNUAL,,,,,,annual,,,,,,,,,,,,,,series_registry,single_series,parity,,SER_CA_PHAC_CNDSS_D2_ANNUAL,1,The public curve is read directly from one registered source series.,all,Canada PHAC CNDSS Annual,https://diseases.canada.ca/notifiable/extract-dataset,web,all,Canada PHAC CNDSS Annual,https://diseases.canada.ca/notifiable/extract-dataset,web
country,ca,ca,Canada,source_series_observation,CA,Canada,D165,Amebiasis,阿米巴病,Parasitic,1935-01-01,1935-01,0,0,,,,,,SER_CA_PHAC_CNDSS_D2_ANNUAL,SER_CA_PHAC_CNDSS_D2_ANNUAL,SRC_CA_PHAC_CNDSS,Amoebiasis,case_notifications,provincial_territorial_voluntary_notifications_national,annual,count,country:CA:national,all,exact,conditional,non_additive,active,missing_is_unknown,CNDSS_NATIONAL_ANNUAL_2026_08,PHAC CNDSS national annual reported count assembled from voluntary provincial and territorial submissions. Disease-specific reporting coverage and definitions vary over time; null cells are unknown and explicit zeroes are retained.,,raw,True,series_registry,single_series,parity,,SER_CA_PHAC_CNDSS_D2_ANNUAL,1,The public curve is read directly from one registered source series.,all,Canada PHAC CNDSS Annual,https://diseases.canada.ca/notifiable/extract-dataset,web,all,Canada PHAC CNDSS Annual,https://diseases.canada.ca/notifiable/extract-dataset,web
country,ca,ca,Canada,public_projection,CA,Canada,D234,Paratyphoid fever,副伤寒,Bacterial,1935-01-01,1935-01,105,105,,,,missing_population,,SER_CA_PHAC_CNDSS_D83_ANNUAL,,,,,,annual,,,,,,,,,,,,,,series_registry,single_series,parity,,SER_CA_PHAC_CNDSS_D83_ANNUAL,1,The public curve is read directly from one registered source series.,all,Canada PHAC CNDSS Annual,https://diseases.canada.ca/notifiable/extract-dataset,web,all,Canada PHAC CNDSS Annual,https://diseases.canada.ca/notifiable/extract-dataset,web
country,ca,ca,Canada,source_series_observation,CA,Canada,D234,Paratyphoid fever,副伤寒,Bacterial,1935-01-01,1935-01,105,105,,,,,,SER_CA_PHAC_CNDSS_D83_ANNUAL,SER_CA_PHAC_CNDSS_D83_ANNUAL,SRC_CA_PHAC_CNDSS,Paratyphoid,case_notifications,provincial_territorial_voluntary_notifications_national,annual,count,country:CA:national,all,exact,conditional,non_additive,active,missing_is_unknown,CNDSS_NATIONAL_ANNUAL_2026_08,PHAC CNDSS national annual reported count assembled from voluntary provincial and territorial submissions. Disease-specific reporting coverage and definitions vary over time; null cells are unknown and explicit zeroes are retained.,,raw,True,series_registry,single_series,parity,,SER_CA_PHAC_CNDSS_D83_ANNUAL,1,The public curve is read directly from one registered source series.,all,Canada PHAC CNDSS Annual,https://diseases.canada.ca/notifiable/extract-dataset,web,all,Canada PHAC CNDSS Annual,https://diseases.canada.ca/notifiable/extract-dataset,web
country,ca,ca,Canada,public_projection,CA,Canada,D001,Plague,鼠疫,Bacterial,1936-01-01,1936-01,0,0,,,,missing_population,,SER_CA_PHAC_CNDSS_D89_ANNUAL,,,,,,annual,,,,,,,,,,,,,,series_registry,single_series,parity,,SER_CA_PHAC_CNDSS_D89_ANNUAL,1,The public curve is read directly from one registered source series.,all,Canada PHAC CNDSS Annual,https://diseases.canada.ca/notifiable/extract-dataset,web,all,Canada PHAC CNDSS Annual,https://diseases.canada.ca/notifiable/extract-dataset,web
country,ca,ca,Canada,source_series_observation,CA,Canada,D001,Plague,鼠疫,Bacterial,1936-01-01,1936-01,0,0,,,,,,SER_CA_PHAC_CNDSS_D89_ANNUAL,SER_CA_PHAC_CNDSS_D89_ANNUAL,SRC_CA_PHAC_CNDSS,Plague,case_notifications,provincial_territorial_voluntary_notifications_national,annual,count,country:CA:national,all,exact,conditional,non_additive,active,missing_is_unknown,CNDSS_NATIONAL_ANNUAL_2026_08,PHAC CNDSS national annual reported count assembled from voluntary provincial and territorial submissions. Disease-specific reporting coverage and definitions vary over time; null cells are unknown and explicit zeroes are retained.,,raw,True,series_registry,single_series,parity,,SER_CA_PHAC_CNDSS_D89_ANNUAL,1,The public curve is read directly from one registered source series.,all,Canada PHAC CNDSS Annual,https://diseases.canada.ca/notifiable/extract-dataset,web,all,Canada PHAC CNDSS Annual,https://diseases.canada.ca/notifiable/extract-dataset,web
country,ca,ca,Canada,public_projection,CA,Canada,D002,Cholera,霍乱,Bacterial,1936-01-01,1936-01,0,0,,,,missing_population,,SER_CA_PHAC_CNDSS_D21_ANNUAL,,,,,,annual,,,,,,,,,,,,,,series_registry,single_series,parity,,SER_CA_PHAC_CNDSS_D21_ANNUAL,1,The public curve is read directly from one registered source series.,all,Canada PHAC CNDSS Annual,https://diseases.canada.ca/notifiable/extract-dataset,web,all,Canada PHAC CNDSS Annual,https://diseases.canada.ca/notifiable/extract-dataset,web
country,ca,ca,Canada,source_series_observation,CA,Canada,D002,Cholera,霍乱,Bacterial,1936-01-01,1936-01,0,0,,,,,,SER_CA_PHAC_CNDSS_D21_ANNUAL,SER_CA_PHAC_CNDSS_D21_ANNUAL,SRC_CA_PHAC_CNDSS,Cholera,case_notifications,provincial_territorial_voluntary_notifications_national,annual,count,country:CA:national,all,exact,conditional,non_additive,active,missing_is_unknown,CNDSS_NATIONAL_ANNUAL_2026_08,PHAC CNDSS national annual reported count assembled from voluntary provincial and territorial submissions. Disease-specific reporting coverage and definitions vary over time; null cells are unknown and explicit zeroes are retained.,,raw,True,series_registry,single_series,parity,,SER_CA_PHAC_CNDSS_D21_ANNUAL,1,The public curve is read directly from one registered source series.,all,Canada PHAC CNDSS Annual,https://diseases.canada.ca/notifiable/extract-dataset,web,all,Canada PHAC CNDSS Annual,https://diseases.canada.ca/notifiable/extract-dataset,web
country,ca,ca,Canada,public_projection,CA,Canada,D007,Hepatitis A,甲型肝炎,Viral,1936-01-01,1936-01,51,51,,,,missing_population,,SER_CA_PHAC_CNDSS_D48_ANNUAL,,,,,,annual,,,,,,,,,,,,,,series_registry,single_series,parity,,SER_CA_PHAC_CNDSS_D48_ANNUAL,1,The public curve is read directly from one registered source series.,all,Canada PHAC CNDSS Annual,https://diseases.canada.ca/notifiable/extract-dataset,web,all,Canada PHAC CNDSS Annual,https://diseases.canada.ca/notifiable/extract-dataset,web
country,ca,ca,Canada,source_series_observation,CA,Canada,D007,Hepatitis A,甲型肝炎,Viral,1936-01-01,1936-01,51,51,,,,,,SER_CA_PHAC_CNDSS_D48_ANNUAL,SER_CA_PHAC_CNDSS_D48_ANNUAL,SRC_CA_PHAC_CNDSS,Hepatitis A,case_notifications,provincial_territorial_voluntary_notifications_national,annual,count,country:CA:national,all,exact,conditional,non_additive,active,missing_is_unknown,CNDSS_NATIONAL_ANNUAL_2026_08,PHAC CNDSS national annual reported count assembled from voluntary provincial and territorial submissions. Disease-specific reporting coverage and definitions vary over time; null cells are unknown and explicit zeroes are retained.,,raw,True,series_registry,single_series,parity,,SER_CA_PHAC_CNDSS_D48_ANNUAL,1,The public curve is read directly from one registered source series.,all,Canada PHAC CNDSS Annual,https://diseases.canada.ca/notifiable/extract-dataset,web,all,Canada PHAC CNDSS Annual,https://diseases.canada.ca/notifiable/extract-dataset,web
country,ca,ca,Canada,public_projection,CA,Canada,D013,Poliomyelitis,脊髓灰质炎,Viral,1936-01-01,1936-01,978,978,,,,missing_population,,SER_CA_PHAC_CNDSS_D94_ANNUAL,,,,,,annual,,,,,,,,,,,,,,series_registry,single_series,parity,,SER_CA_PHAC_CNDSS_D94_ANNUAL,1,The public curve is read directly from one registered source series.,all,Canada PHAC CNDSS Annual,https://diseases.canada.ca/notifiable/extract-dataset,web,all,Canada PHAC CNDSS Annual,https://diseases.canada.ca/notifiable/extract-dataset,web
country,ca,ca,Canada,source_series_observation,CA,Canada,D013,Poliomyelitis,脊髓灰质炎,Viral,1936-01-01,1936-01,978,978,,,,,,SER_CA_PHAC_CNDSS_D94_ANNUAL,SER_CA_PHAC_CNDSS_D94_ANNUAL,SRC_CA_PHAC_CNDSS,Poliomyelitis,case_notifications,provincial_territorial_voluntary_notifications_national,annual,count,country:CA:national,all,exact,conditional,non_additive,active,missing_is_unknown,CNDSS_NATIONAL_ANNUAL_2026_08,PHAC CNDSS national annual reported count assembled from voluntary provincial and territorial submissions. Disease-specific reporting coverage and definitions vary over time; null cells are unknown and explicit zeroes are retained.,,raw,True,series_registry,single_series,parity,,SER_CA_PHAC_CNDSS_D94_ANNUAL,1,The public curve is read directly from one registered source series.,all,Canada PHAC CNDSS Annual,https://diseases.canada.ca/notifiable/extract-dataset,web,all,Canada PHAC CNDSS Annual,https://diseases.canada.ca/notifiable/extract-dataset,web
country,ca,ca,Canada,public_projection,CA,Canada,D017,Measles,麻疹,Viral,1936-01-01,1936-01,55724,55724,,,,missing_population,,SER_CA_PHAC_CNDSS_D70_ANNUAL,,,,,,annual,,,,,,,,,,,,,,series_registry,single_series,parity,,SER_CA_PHAC_CNDSS_D70_ANNUAL,1,The public curve is read directly from one registered source series.,all,Canada PHAC CNDSS Annual,https://diseases.canada.ca/notifiable/extract-dataset,web,all,Canada PHAC CNDSS Annual,https://diseases.canada.ca/notifiable/extract-dataset,web
country,ca,ca,Canada,source_series_observation,CA,Canada,D017,Measles,麻疹,Viral,1936-01-01,1936-01,55724,55724,,,,,,SER_CA_PHAC_CNDSS_D70_ANNUAL,SER_CA_PHAC_CNDSS_D70_ANNUAL,SRC_CA_PHAC_CNDSS,Measles,case_notifications,provincial_territorial_voluntary_notifications_national,annual,count,country:CA:national,all,exact,conditional,non_additive,active,missing_is_unknown,CNDSS_NATIONAL_ANNUAL_2026_08,PHAC CNDSS national annual reported count assembled from voluntary provincial and territorial submissions. Disease-specific reporting coverage and definitions vary over time; null cells are unknown and explicit zeroes are retained.,,raw,True,series_registry,single_series,parity,,SER_CA_PHAC_CNDSS_D70_ANNUAL,1,The public curve is read directly from one registered source series.,all,Canada PHAC CNDSS Annual,https://diseases.canada.ca/notifiable/extract-dataset,web,all,Canada PHAC CNDSS Annual,https://diseases.canada.ca/notifiable/extract-dataset,web
country,ca,ca,Canada,public_projection,CA,Canada,D019,Rabies,狂犬病,Viral,1936-01-01,1936-01,0,0,,,,missing_population,,SER_CA_PHAC_CNDSS_D98_ANNUAL,,,,,,annual,,,,,,,,,,,,,,series_registry,single_series,parity,,SER_CA_PHAC_CNDSS_D98_ANNUAL,1,The public curve is read directly from one registered source series.,all,Canada PHAC CNDSS Annual,https://diseases.canada.ca/notifiable/extract-dataset,web,all,Canada PHAC CNDSS Annual,https://diseases.canada.ca/notifiable/extract-dataset,web
country,ca,ca,Canada,source_series_observation,CA,Canada,D019,Rabies,狂犬病,Viral,1936-01-01,1936-01,0,0,,,,,,SER_CA_PHAC_CNDSS_D98_ANNUAL,SER_CA_PHAC_CNDSS_D98_ANNUAL,SRC_CA_PHAC_CNDSS,Rabies,case_notifications,provincial_territorial_voluntary_notifications_national,annual,count,country:CA:national,all,exact,conditional,non_additive,active,missing_is_unknown,CNDSS_NATIONAL_ANNUAL_2026_08,PHAC CNDSS national annual reported count assembled from voluntary provincial and territorial submissions. Disease-specific reporting coverage and definitions vary over time; null cells are unknown and explicit zeroes are retained.,,raw,True,series_registry,single_series,parity,,SER_CA_PHAC_CNDSS_D98_ANNUAL,1,The public curve is read directly from one registered source series.,all,Canada PHAC CNDSS Annual,https://diseases.canada.ca/notifiable/extract-dataset,web,all,Canada PHAC CNDSS Annual,https://diseases.canada.ca/notifiable/extract-dataset,web
country,ca,ca,Canada,public_projection,CA,Canada,D023,Anthrax,炭疽,Bacterial,1936-01-01,1936-01,6,6,,,,missing_population,,SER_CA_PHAC_CNDSS_D6_ANNUAL,,,,,,annual,,,,,,,,,,,,,,series_registry,single_series,parity,,SER_CA_PHAC_CNDSS_D6_ANNUAL,1,The public curve is read directly from one registered source series.,all,Canada PHAC CNDSS Annual,https://diseases.canada.ca/notifiable/extract-dataset,web,all,Canada PHAC CNDSS Annual,https://diseases.canada.ca/notifiable/extract-dataset,web
country,ca,ca,Canada,source_series_observation,CA,Canada,D023,Anthrax,炭疽,Bacterial,1936-01-01,1936-01,6,6,,,,,,SER_CA_PHAC_CNDSS_D6_ANNUAL,SER_CA_PHAC_CNDSS_D6_ANNUAL,SRC_CA_PHAC_CNDSS,Anthrax,case_notifications,provincial_territorial_voluntary_notifications_national,annual,count,country:CA:national,all,exact,conditional,non_additive,active,missing_is_unknown,CNDSS_NATIONAL_ANNUAL_2026_08,PHAC CNDSS national annual reported count assembled from voluntary provincial and territorial submissions. Disease-specific reporting coverage and definitions vary over time; null cells are unknown and explicit zeroes are retained.,,raw,True,series_registry,single_series,parity,,SER_CA_PHAC_CNDSS_D6_ANNUAL,1,The public curve is read directly from one registered source series.,all,Canada PHAC CNDSS Annual,https://diseases.canada.ca/notifiable/extract-dataset,web,all,Canada PHAC CNDSS Annual,https://diseases.canada.ca/notifiable/extract-dataset,web
country,ca,ca,Canada,public_projection,CA,Canada,D025,Tuberculosis,肺结核,Bacterial,1936-01-01,1936-01,8659,8659,,,,missing_population,,SER_CA_PHAC_CNDSS_D119_ANNUAL,,,,,,annual,,,,,,,,,,,,,,series_registry,single_series,parity,,SER_CA_PHAC_CNDSS_D119_ANNUAL,1,The public curve is read directly from one registered source series.,all,Canada PHAC CNDSS Annual,https://diseases.canada.ca/notifiable/extract-dataset,web,all,Canada PHAC CNDSS Annual,https://diseases.canada.ca/notifiable/extract-dataset,web
country,ca,ca,Canada,source_series_observation,CA,Canada,D025,Tuberculosis,肺结核,Bacterial,1936-01-01,1936-01,8659,8659,,,,,,SER_CA_PHAC_CNDSS_D119_ANNUAL,SER_CA_PHAC_CNDSS_D119_ANNUAL,SRC_CA_PHAC_CNDSS,Tuberculosis,case_notifications,provincial_territorial_voluntary_notifications_national,annual,count,country:CA:national,all,exact,conditional,non_additive,active,missing_is_unknown,CNDSS_NATIONAL_ANNUAL_2026_08,PHAC CNDSS national annual reported count assembled from voluntary provincial and territorial submissions. Disease-specific reporting coverage and definitions vary over time; null cells are unknown and explicit zeroes are retained.,,raw,True,series_registry,single_series,parity,,SER_CA_PHAC_CNDSS_D119_ANNUAL,1,The public curve is read directly from one registered source series.,all,Canada PHAC CNDSS Annual,https://diseases.canada.ca/notifiable/extract-dataset,web,all,Canada PHAC CNDSS Annual,https://diseases.canada.ca/notifiable/extract-dataset,web
country,ca,ca,Canada,public_projection,CA,Canada,D028,Pertussis,百日咳,Bacterial,1936-01-01,1936-01,16256,16256,,,,missing_population,,SER_CA_PHAC_CNDSS_D85_ANNUAL,,,,,,annual,,,,,,,,,,,,,,series_registry,single_series,parity,,SER_CA_PHAC_CNDSS_D85_ANNUAL,1,The public curve is read directly from one registered source series.,all,Canada PHAC CNDSS Annual,https://diseases.canada.ca/notifiable/extract-dataset,web,all,Canada PHAC CNDSS Annual,https://diseases.canada.ca/notifiable/extract-dataset,web
country,ca,ca,Canada,source_series_observation,CA,Canada,D028,Pertussis,百日咳,Bacterial,1936-01-01,1936-01,16256,16256,,,,,,SER_CA_PHAC_CNDSS_D85_ANNUAL,SER_CA_PHAC_CNDSS_D85_ANNUAL,SRC_CA_PHAC_CNDSS,Pertussis,case_notifications,provincial_territorial_voluntary_notifications_national,annual,count,country:CA:national,all,exact,conditional,non_additive,active,missing_is_unknown,CNDSS_NATIONAL_ANNUAL_2026_08,PHAC CNDSS national annual reported count assembled from voluntary provincial and territorial submissions. Disease-specific reporting coverage and definitions vary over time; null cells are unknown and explicit zeroes are retained.,,raw,True,series_registry,single_series,parity,,SER_CA_PHAC_CNDSS_D85_ANNUAL,1,The public curve is read directly from one registered source series.,all,Canada PHAC CNDSS Annual,https://diseases.canada.ca/notifiable/extract-dataset,web,all,Canada PHAC CNDSS Annual,https://diseases.canada.ca/notifiable/extract-dataset,web
country,ca,ca,Canada,public_projection,CA,Canada,D029,Diphtheria,白喉,Bacterial,1936-01-01,1936-01,2031,2031,,,,missing_population,,SER_CA_PHAC_CNDSS_D32_ANNUAL,,,,,,annual,,,,,,,,,,,,,,series_registry,single_series,parity,,SER_CA_PHAC_CNDSS_D32_ANNUAL,1,The public curve is read directly from one registered source series.,all,Canada PHAC CNDSS Annual,https://diseases.canada.ca/notifiable/extract-dataset,web,all,Canada PHAC CNDSS Annual,https://diseases.canada.ca/notifiable/extract-dataset,web
country,ca,ca,Canada,source_series_observation,CA,Canada,D029,Diphtheria,白喉,Bacterial,1936-01-01,1936-01,2031,2031,,,,,,SER_CA_PHAC_CNDSS_D32_ANNUAL,SER_CA_PHAC_CNDSS_D32_ANNUAL,SRC_CA_PHAC_CNDSS,Diphtheria,case_notifications,provincial_territorial_voluntary_notifications_national,annual,count,country:CA:national,all,exact,conditional,non_additive,active,missing_is_unknown,CNDSS_NATIONAL_ANNUAL_2026_08,PHAC CNDSS national annual reported count assembled from voluntary provincial and territorial submissions. Disease-specific reporting coverage and definitions vary over time; null cells are unknown and explicit zeroes are retained.,,raw,True,series_registry,single_series,parity,,SER_CA_PHAC_CNDSS_D32_ANNUAL,1,The public curve is read directly from one registered source series.,all,Canada PHAC CNDSS Annual,https://diseases.canada.ca/notifiable/extract-dataset,web,all,Canada PHAC CNDSS Annual,https://diseases.canada.ca/notifiable/extract-dataset,web
country,ca,ca,Canada,public_projection,CA,Canada,D032,Brucellosis,布鲁氏菌病,Bacterial,1936-01-01,1936-01,174,174,,,,missing_population,,SER_CA_PHAC_CNDSS_D15_ANNUAL,,,,,,annual,,,,,,,,,,,,,,series_registry,single_series,parity,,SER_CA_PHAC_CNDSS_D15_ANNUAL,1,The public curve is read directly from one registered source series.,all,Canada PHAC CNDSS Annual,https://diseases.canada.ca/notifiable/extract-dataset,web,all,Canada PHAC CNDSS Annual,https://diseases.canada.ca/notifiable/extract-dataset,web
country,ca,ca,Canada,source_series_observation,CA,Canada,D032,Brucellosis,布鲁氏菌病,Bacterial,1936-01-01,1936-01,174,174,,,,,,SER_CA_PHAC_CNDSS_D15_ANNUAL,SER_CA_PHAC_CNDSS_D15_ANNUAL,SRC_CA_PHAC_CNDSS,Brucellosis,case_notifications,provincial_territorial_voluntary_notifications_national,annual,count,country:CA:national,all,exact,conditional,non_additive,active,missing_is_unknown,CNDSS_NATIONAL_ANNUAL_2026_08,PHAC CNDSS national annual reported count assembled from voluntary provincial and territorial submissions. Disease-specific reporting coverage and definitions vary over time; null cells are unknown and explicit zeroes are retained.,,raw,True,series_registry,single_series,parity,,SER_CA_PHAC_CNDSS_D15_ANNUAL,1,The public curve is read directly from one registered source series.,all,Canada PHAC CNDSS Annual,https://diseases.canada.ca/notifiable/extract-dataset,web,all,Canada PHAC CNDSS Annual,https://diseases.canada.ca/notifiable/extract-dataset,web
country,ca,ca,Canada,public_projection,CA,Canada,D033,Gonorrhea,淋病,Bacterial,1936-01-01,1936-01,2593,2593,,,,missing_population,,SER_CA_PHAC_CNDSS_D45_ANNUAL,,,,,,annual,,,,,,,,,,,,,,series_registry,single_series,parity,,SER_CA_PHAC_CNDSS_D45_ANNUAL,1,The public curve is read directly from one registered source series.,all,Canada PHAC CNDSS Annual,https://diseases.canada.ca/notifiable/extract-dataset,web,all,Canada PHAC CNDSS Annual,https://diseases.canada.ca/notifiable/extract-dataset,web
country,ca,ca,Canada,source_series_observation,CA,Canada,D033,Gonorrhea,淋病,Bacterial,1936-01-01,1936-01,2593,2593,,,,,,SER_CA_PHAC_CNDSS_D45_ANNUAL,SER_CA_PHAC_CNDSS_D45_ANNUAL,SRC_CA_PHAC_CNDSS,Gonorrhea,case_notifications,provincial_territorial_voluntary_notifications_national,annual,count,country:CA:national,all,exact,conditional,non_additive,active,missing_is_unknown,CNDSS_NATIONAL_ANNUAL_2026_08,PHAC CNDSS national annual reported count assembled from voluntary provincial and territorial submissions. Disease-specific reporting coverage and definitions vary over time; null cells are unknown and explicit zeroes are retained.,,raw,True,series_registry,single_series,parity,,SER_CA_PHAC_CNDSS_D45_ANNUAL,1,The public curve is read directly from one registered source series.,all,Canada PHAC CNDSS Annual,https://diseases.canada.ca/notifiable/extract-dataset,web,all,Canada PHAC CNDSS Annual,https://diseases.canada.ca/notifiable/extract-dataset,web
country,ca,ca,Canada,public_projection,CA,Canada,D034,Syphilis,梅毒,Bacterial,1936-01-01,1936-01,1888,1888,,,,missing_population,,SER_CA_PHAC_CNDSS_D117_ANNUAL,,,,,,annual,,,,,,,,,,,,,,series_registry,single_series,parity,,SER_CA_PHAC_CNDSS_D117_ANNUAL,1,The public curve is read directly from one registered source series.,all,Canada PHAC CNDSS Annual,https://diseases.canada.ca/notifiable/extract-dataset,web,all,Canada PHAC CNDSS Annual,https://diseases.canada.ca/notifiable/extract-dataset,web
country,ca,ca,Canada,source_series_observation,CA,Canada,D034,Syphilis,梅毒,Bacterial,1936-01-01,1936-01,1888,1888,,,,,,SER_CA_PHAC_CNDSS_D117_ANNUAL,SER_CA_PHAC_CNDSS_D117_ANNUAL,SRC_CA_PHAC_CNDSS,Syphilis,case_notifications,provincial_territorial_voluntary_notifications_national,annual,count,country:CA:national,all,exact,conditional,non_additive,active,missing_is_unknown,CNDSS_NATIONAL_ANNUAL_2026_08,PHAC CNDSS national annual reported count assembled from voluntary provincial and territorial submissions. Disease-specific reporting coverage and definitions vary over time; null cells are unknown and explicit zeroes are retained.,,raw,True,series_registry,single_series,parity,,SER_CA_PHAC_CNDSS_D117_ANNUAL,1,The public curve is read directly from one registered source series.,all,Canada PHAC CNDSS Annual,https://diseases.canada.ca/notifiable/extract-dataset,web,all,Canada PHAC CNDSS Annual,https://diseases.canada.ca/notifiable/extract-dataset,web
country,ca,ca,Canada,public_projection,CA,Canada,D037,Malaria,疟疾,Parasitic,1936-01-01,1936-01,2,2,,,,missing_population,,SER_CA_PHAC_CNDSS_D69_ANNUAL,,,,,,annual,,,,,,,,,,,,,,series_registry,single_series,parity,,SER_CA_PHAC_CNDSS_D69_ANNUAL,1,The public curve is read directly from one registered source series.,all,Canada PHAC CNDSS Annual,https://diseases.canada.ca/notifiable/extract-dataset,web,all,Canada PHAC CNDSS Annual,https://diseases.canada.ca/notifiable/extract-dataset,web
country,ca,ca,Canada,source_series_observation,CA,Canada,D037,Malaria,疟疾,Parasitic,1936-01-01,1936-01,2,2,,,,,,SER_CA_PHAC_CNDSS_D69_ANNUAL,SER_CA_PHAC_CNDSS_D69_ANNUAL,SRC_CA_PHAC_CNDSS,Malaria,case_notifications,provincial_territorial_voluntary_notifications_national,annual,count,country:CA:national,all,exact,conditional,non_additive,active,missing_is_unknown,CNDSS_NATIONAL_ANNUAL_2026_08,PHAC CNDSS national annual reported count assembled from voluntary provincial and territorial submissions. Disease-specific reporting coverage and definitions vary over time; null cells are unknown and explicit zeroes are retained.,,raw,True,series_registry,single_series,parity,,SER_CA_PHAC_CNDSS_D69_ANNUAL,1,The public curve is read directly from one registered source series.,all,Canada PHAC CNDSS Annual,https://diseases.canada.ca/notifiable/extract-dataset,web,all,Canada PHAC CNDSS Annual,https://diseases.canada.ca/notifiable/extract-dataset,web
country,ca,ca,Canada,public_projection,CA,Canada,D038,Influenza,流行性感冒,Viral,1936-01-01,1936-01,6796,6796,,,,missing_population,,SER_CA_PHAC_CNDSS_D958_ANNUAL,,,,,,annual,,,,,,,,,,,,,,series_registry,single_series,parity,,SER_CA_PHAC_CNDSS_D958_ANNUAL,1,The public curve is read directly from one registered source series.,all,Canada PHAC CNDSS Annual,https://diseases.canada.ca/notifiable/extract-dataset,web,all,Canada PHAC CNDSS Annual,https://diseases.canada.ca/notifiable/extract-dataset,web
country,ca,ca,Canada,source_series_observation,CA,Canada,D038,Influenza,流行性感冒,Viral,1936-01-01,1936-01,6796,6796,,,,,,SER_CA_PHAC_CNDSS_D958_ANNUAL,SER_CA_PHAC_CNDSS_D958_ANNUAL,SRC_CA_PHAC_CNDSS,"Influenza, Epidemic",case_notifications,provincial_territorial_voluntary_notifications_national,annual,count,country:CA:national,all,exact,conditional,non_additive,active,missing_is_unknown,CNDSS_NATIONAL_ANNUAL_2026_08,PHAC CNDSS national annual reported count assembled from voluntary provincial and territorial submissions. Disease-specific reporting coverage and definitions vary over time; null cells are unknown and explicit zeroes are retained.,,raw,True,series_registry,single_series,parity,,SER_CA_PHAC_CNDSS_D958_ANNUAL,1,The public curve is read directly from one registered source series.,all,Canada PHAC CNDSS Annual,https://diseases.canada.ca/notifiable/extract-dataset,web,all,Canada PHAC CNDSS Annual,https://diseases.canada.ca/notifiable/extract-dataset,web
country,ca,ca,Canada,public_projection,CA,Canada,D039,Mumps,流行性腮腺炎,Viral,1936-01-01,1936-01,29753,29753,,,,missing_population,,SER_CA_PHAC_CNDSS_D78_ANNUAL,,,,,,annual,,,,,,,,,,,,,,series_registry,single_series,parity,,SER_CA_PHAC_CNDSS_D78_ANNUAL,1,The public curve is read directly from one registered source series.,all,Canada PHAC CNDSS Annual,https://diseases.canada.ca/notifiable/extract-dataset,web,all,Canada PHAC CNDSS Annual,https://diseases.canada.ca/notifiable/extract-dataset,web
country,ca,ca,Canada,source_series_observation,CA,Canada,D039,Mumps,流行性腮腺炎,Viral,1936-01-01,1936-01,29753,29753,,,,,,SER_CA_PHAC_CNDSS_D78_ANNUAL,SER_CA_PHAC_CNDSS_D78_ANNUAL,SRC_CA_PHAC_CNDSS,Mumps,case_notifications,provincial_territorial_voluntary_notifications_national,annual,count,country:CA:national,all,exact,conditional,non_additive,active,missing_is_unknown,CNDSS_NATIONAL_ANNUAL_2026_08,PHAC CNDSS national annual reported count assembled from voluntary provincial and territorial submissions. Disease-specific reporting coverage and definitions vary over time; null cells are unknown and explicit zeroes are retained.,,raw,True,series_registry,single_series,parity,,SER_CA_PHAC_CNDSS_D78_ANNUAL,1,The public curve is read directly from one registered source series.,all,Canada PHAC CNDSS Annual,https://diseases.canada.ca/notifiable/extract-dataset,web,all,Canada PHAC CNDSS Annual,https://diseases.canada.ca/notifiable/extract-dataset,web
country,ca,ca,Canada,public_projection,CA,Canada,D040,Rubella,风疹,Viral,1936-01-01,1936-01,69401,69401,,,,missing_population,,SER_CA_PHAC_CNDSS_D106_ANNUAL,,,,,,annual,,,,,,,,,,,,,,series_registry,single_series,parity,,SER_CA_PHAC_CNDSS_D106_ANNUAL,1,The public curve is read directly from one registered source series.,all,Canada PHAC CNDSS Annual,https://diseases.canada.ca/notifiable/extract-dataset,web,all,Canada PHAC CNDSS Annual,https://diseases.canada.ca/notifiable/extract-dataset,web
country,ca,ca,Canada,source_series_observation,CA,Canada,D040,Rubella,风疹,Viral,1936-01-01,1936-01,69401,69401,,,,,,SER_CA_PHAC_CNDSS_D106_ANNUAL,SER_CA_PHAC_CNDSS_D106_ANNUAL,SRC_CA_PHAC_CNDSS,Rubella,case_notifications,provincial_territorial_voluntary_notifications_national,annual,count,country:CA:national,all,exact,conditional,non_additive,active,missing_is_unknown,CNDSS_NATIONAL_ANNUAL_2026_08,PHAC CNDSS national annual reported count assembled from voluntary provincial and territorial submissions. Disease-specific reporting coverage and definitions vary over time; null cells are unknown and explicit zeroes are retained.,,raw,True,series_registry,single_series,parity,,SER_CA_PHAC_CNDSS_D106_ANNUAL,1,The public curve is read directly from one registered source series.,all,Canada PHAC CNDSS Annual,https://diseases.canada.ca/notifiable/extract-dataset,web,all,Canada PHAC CNDSS Annual,https://diseases.canada.ca/notifiable/extract-dataset,web
country,ca,ca,Canada,public_projection,CA,Canada,D042,Leprosy,麻风病,Bacterial,1936-01-01,1936-01,1,1,,,,missing_population,,SER_CA_PHAC_CNDSS_D64_ANNUAL,,,,,,annual,,,,,,,,,,,,,,series_registry,single_series,parity,,SER_CA_PHAC_CNDSS_D64_ANNUAL,1,The public curve is read directly from one registered source series.,all,Canada PHAC CNDSS Annual,https://diseases.canada.ca/notifiable/extract-dataset,web,all,Canada PHAC CNDSS Annual,https://diseases.canada.ca/notifiable/extract-dataset,web
country,ca,ca,Canada,source_series_observation,CA,Canada,D042,Leprosy,麻风病,Bacterial,1936-01-01,1936-01,1,1,,,,,,SER_CA_PHAC_CNDSS_D64_ANNUAL,SER_CA_PHAC_CNDSS_D64_ANNUAL,SRC_CA_PHAC_CNDSS,Leprosy,case_notifications,provincial_territorial_voluntary_notifications_national,annual,count,country:CA:national,all,exact,conditional,non_additive,active,missing_is_unknown,CNDSS_NATIONAL_ANNUAL_2026_08,PHAC CNDSS national annual reported count assembled from voluntary provincial and territorial submissions. Disease-specific reporting coverage and definitions vary over time; null cells are unknown and explicit zeroes are retained.,,raw,True,series_registry,single_series,parity,,SER_CA_PHAC_CNDSS_D64_ANNUAL,1,The public curve is read directly from one registered source series.,all,Canada PHAC CNDSS Annual,https://diseases.canada.ca/notifiable/extract-dataset,web,all,Canada PHAC CNDSS Annual,https://diseases.canada.ca/notifiable/extract-dataset,web
country,ca,ca,Canada,public_projection,CA,Canada,D054,Varicella,水痘,Viral,1936-01-01,1936-01,25436,25436,,,,missing_population,,SER_CA_PHAC_CNDSS_D20_ANNUAL,,,,,,annual,,,,,,,,,,,,,,series_registry,single_series,parity,,SER_CA_PHAC_CNDSS_D20_ANNUAL,1,The public curve is read directly from one registered source series.,all,Canada PHAC CNDSS Annual,https://diseases.canada.ca/notifiable/extract-dataset,web,all,Canada PHAC CNDSS Annual,https://diseases.canada.ca/notifiable/extract-dataset,web
country,ca,ca,Canada,source_series_observation,CA,Canada,D054,Varicella,水痘,Viral,1936-01-01,1936-01,25436,25436,,,,,,SER_CA_PHAC_CNDSS_D20_ANNUAL,SER_CA_PHAC_CNDSS_D20_ANNUAL,SRC_CA_PHAC_CNDSS,Chickenpox,case_notifications,provincial_territorial_voluntary_notifications_national,annual,count,country:CA:national,all,exact,conditional,non_additive,active,missing_is_unknown,CNDSS_NATIONAL_ANNUAL_2026_08,PHAC CNDSS national annual reported count assembled from voluntary provincial and territorial submissions. Disease-specific reporting coverage and definitions vary over time; null cells are unknown and explicit zeroes are retained.,,raw,True,series_registry,single_series,parity,,SER_CA_PHAC_CNDSS_D20_ANNUAL,1,The public curve is read directly from one registered source series.,all,Canada PHAC CNDSS Annual,https://diseases.canada.ca/notifiable/extract-dataset,web,all,Canada PHAC CNDSS Annual,https://diseases.canada.ca/notifiable/extract-dataset,web
country,ca,ca,Canada,public_projection,CA,Canada,D059,Yellow fever,黄热病,Viral,1936-01-01,1936-01,0,0,,,,missing_population,,SER_CA_PHAC_CNDSS_D134_ANNUAL,,,,,,annual,,,,,,,,,,,,,,series_registry,single_series,parity,,SER_CA_PHAC_CNDSS_D134_ANNUAL,1,The public curve is read directly from one registered source series.,all,Canada PHAC CNDSS Annual,https://diseases.canada.ca/notifiable/extract-dataset,web,all,Canada PHAC CNDSS Annual,https://diseases.canada.ca/notifiable/extract-dataset,web
country,ca,ca,Canada,source_series_observation,CA,Canada,D059,Yellow fever,黄热病,Viral,1936-01-01,1936-01,0,0,,,,,,SER_CA_PHAC_CNDSS_D134_ANNUAL,SER_CA_PHAC_CNDSS_D134_ANNUAL,SRC_CA_PHAC_CNDSS,Yellow Fever,case_notifications,provincial_territorial_voluntary_notifications_national,annual,count,country:CA:national,all,exact,conditional,non_additive,active,missing_is_unknown,CNDSS_NATIONAL_ANNUAL_2026_08,PHAC CNDSS national annual reported count assembled from voluntary provincial and territorial submissions. Disease-specific reporting coverage and definitions vary over time; null cells are unknown and explicit zeroes are retained.,,raw,True,series_registry,single_series,parity,,SER_CA_PHAC_CNDSS_D134_ANNUAL,1,The public curve is read directly from one registered source series.,all,Canada PHAC CNDSS Annual,https://diseases.canada.ca/notifiable/extract-dataset,web,all,Canada PHAC CNDSS Annual,https://diseases.canada.ca/notifiable/extract-dataset,web
country,ca,ca,Canada,public_projection,CA,Canada,D064,Smallpox,天花,,1936-01-01,1936-01,62,62,,,,missing_population,,SER_CA_PHAC_CNDSS_D112_ANNUAL,,,,,,annual,,,,,,,,,,,,,,series_registry,single_series,parity,,SER_CA_PHAC_CNDSS_D112_ANNUAL,1,The public curve is read directly from one registered source series.,all,Canada PHAC CNDSS Annual,https://diseases.canada.ca/notifiable/extract-dataset,web,all,Canada PHAC CNDSS Annual,https://diseases.canada.ca/notifiable/extract-dataset,web
country,ca,ca,Canada,source_series_observation,CA,Canada,D064,Smallpox,天花,,1936-01-01,1936-01,62,62,,,,,,SER_CA_PHAC_CNDSS_D112_ANNUAL,SER_CA_PHAC_CNDSS_D112_ANNUAL,SRC_CA_PHAC_CNDSS,Smallpox,case_notifications,provincial_territorial_voluntary_notifications_national,annual,count,country:CA:national,all,exact,conditional,non_additive,active,missing_is_unknown,CNDSS_NATIONAL_ANNUAL_2026_08,PHAC CNDSS national annual reported count assembled from voluntary provincial and territorial submissions. Disease-specific reporting coverage and definitions vary over time; null cells are unknown and explicit zeroes are retained.,,raw,True,series_registry,single_series,parity,,SER_CA_PHAC_CNDSS_D112_ANNUAL,1,The public curve is read directly from one registered source series.,all,Canada PHAC CNDSS Annual,https://diseases.canada.ca/notifiable/extract-dataset,web,all,Canada PHAC CNDSS Annual,https://diseases.canada.ca/notifiable/extract-dataset,web
country,ca,ca,Canada,public_projection,CA,Canada,D091,Botulism,肉毒杆菌中毒,Bacterial,1936-01-01,1936-01,0,0,,,,missing_population,,SER_CA_PHAC_CNDSS_D13_ANNUAL,,,,,,annual,,,,,,,,,,,,,,series_registry,single_series,parity,,SER_CA_PHAC_CNDSS_D13_ANNUAL,1,The public curve is read directly from one registered source series.,all,Canada PHAC CNDSS Annual,https://diseases.canada.ca/notifiable/extract-dataset,web,all,Canada PHAC CNDSS Annual,https://diseases.canada.ca/notifiable/extract-dataset,web
country,ca,ca,Canada,source_series_observation,CA,Canada,D091,Botulism,肉毒杆菌中毒,Bacterial,1936-01-01,1936-01,0,0,,,,,,SER_CA_PHAC_CNDSS_D13_ANNUAL,SER_CA_PHAC_CNDSS_D13_ANNUAL,SRC_CA_PHAC_CNDSS,Botulism,case_notifications,provincial_territorial_voluntary_notifications_national,annual,count,country:CA:national,all,exact,conditional,non_additive,active,missing_is_unknown,CNDSS_NATIONAL_ANNUAL_2026_08,PHAC CNDSS national annual reported count assembled from voluntary provincial and territorial submissions. Disease-specific reporting coverage and definitions vary over time; null cells are unknown and explicit zeroes are retained.,,raw,True,series_registry,single_series,parity,,SER_CA_PHAC_CNDSS_D13_ANNUAL,1,The public curve is read directly from one registered source series.,all,Canada PHAC CNDSS Annual,https://diseases.canada.ca/notifiable/extract-dataset,web,all,Canada PHAC CNDSS Annual,https://diseases.canada.ca/notifiable/extract-dataset,web
country,ca,ca,Canada,public_projection,CA,Canada,D105,Shigellosis,志贺菌病,Bacterial,1936-01-01,1936-01,98,98,,,,missing_population,,SER_CA_PHAC_CNDSS_D111_ANNUAL,,,,,,annual,,,,,,,,,,,,,,series_registry,single_series,parity,,SER_CA_PHAC_CNDSS_D111_ANNUAL,1,The public curve is read directly from one registered source series.,all,Canada PHAC CNDSS Annual,https://diseases.canada.ca/notifiable/extract-dataset,web,all,Canada PHAC CNDSS Annual,https://diseases.canada.ca/notifiable/extract-dataset,web
country,ca,ca,Canada,source_series_observation,CA,Canada,D105,Shigellosis,志贺菌病,Bacterial,1936-01-01,1936-01,98,98,,,,,,SER_CA_PHAC_CNDSS_D111_ANNUAL,SER_CA_PHAC_CNDSS_D111_ANNUAL,SRC_CA_PHAC_CNDSS,Shigellosis,case_notifications,provincial_territorial_voluntary_notifications_national,annual,count,country:CA:national,all,exact,conditional,non_additive,active,missing_is_unknown,CNDSS_NATIONAL_ANNUAL_2026_08,PHAC CNDSS national annual reported count assembled from voluntary provincial and territorial submissions. Disease-specific reporting coverage and definitions vary over time; null cells are unknown and explicit zeroes are retained.,,raw,True,series_registry,single_series,parity,,SER_CA_PHAC_CNDSS_D111_ANNUAL,1,The public curve is read directly from one registered source series.,all,Canada PHAC CNDSS Annual,https://diseases.canada.ca/notifiable/extract-dataset,web,all,Canada PHAC CNDSS Annual,https://diseases.canada.ca/notifiable/extract-dataset,web
country,ca,ca,Canada,public_projection,CA,Canada,D110,Meningococcal disease,脑膜炎球菌病,Bacterial,1936-01-01,1936-01,138,138,,,,missing_population,,SER_CA_PHAC_CNDSS_D74_ANNUAL,,,,,,annual,,,,,,,,,,,,,,series_registry,single_series,parity,,SER_CA_PHAC_CNDSS_D74_ANNUAL,1,The public curve is read directly from one registered source series.,all,Canada PHAC CNDSS Annual,https://diseases.canada.ca/notifiable/extract-dataset,web,all,Canada PHAC CNDSS Annual,https://diseases.canada.ca/notifiable/extract-dataset,web
country,ca,ca,Canada,source_series_observation,CA,Canada,D110,Meningococcal disease,脑膜炎球菌病,Bacterial,1936-01-01,1936-01,138,138,,,,,,SER_CA_PHAC_CNDSS_D74_ANNUAL,SER_CA_PHAC_CNDSS_D74_ANNUAL,SRC_CA_PHAC_CNDSS,"Meningococcal Disease, Invasive",case_notifications,provincial_territorial_voluntary_notifications_national,annual,count,country:CA:national,all,exact,conditional,non_additive,active,missing_is_unknown,CNDSS_NATIONAL_ANNUAL_2026_08,PHAC CNDSS national annual reported count assembled from voluntary provincial and territorial submissions. Disease-specific reporting coverage and definitions vary over time; null cells are unknown and explicit zeroes are retained.,,raw,True,series_registry,single_series,parity,,SER_CA_PHAC_CNDSS_D74_ANNUAL,1,The public curve is read directly from one registered source series.,all,Canada PHAC CNDSS Annual,https://diseases.canada.ca/notifiable/extract-dataset,web,all,Canada PHAC CNDSS Annual,https://diseases.canada.ca/notifiable/extract-dataset,web
country,ca,ca,Canada,public_projection,CA,Canada,D122,Trichinellosis,旋毛虫病,Parasitic,1936-01-01,1936-01,1,1,,,,missing_population,,SER_CA_PHAC_CNDSS_D123_ANNUAL,,,,,,annual,,,,,,,,,,,,,,series_registry,single_series,parity,,SER_CA_PHAC_CNDSS_D123_ANNUAL,1,The public curve is read directly from one registered source series.,all,Canada PHAC CNDSS Annual,https://diseases.canada.ca/notifiable/extract-dataset,web,all,Canada PHAC CNDSS Annual,https://diseases.canada.ca/notifiable/extract-dataset,web
country,ca,ca,Canada,source_series_observation,CA,Canada,D122,Trichinellosis,旋毛虫病,Parasitic,1936-01-01,1936-01,1,1,,,,,,SER_CA_PHAC_CNDSS_D123_ANNUAL,SER_CA_PHAC_CNDSS_D123_ANNUAL,SRC_CA_PHAC_CNDSS,Trichinosis,case_notifications,provincial_territorial_voluntary_notifications_national,annual,count,country:CA:national,all,exact,conditional,non_additive,active,missing_is_unknown,CNDSS_NATIONAL_ANNUAL_2026_08,PHAC CNDSS national annual reported count assembled from voluntary provincial and territorial submissions. Disease-specific reporting coverage and definitions vary over time; null cells are unknown and explicit zeroes are retained.,,raw,True,series_registry,single_series,parity,,SER_CA_PHAC_CNDSS_D123_ANNUAL,1,The public curve is read directly from one registered source series.,all,Canada PHAC CNDSS Annual,https://diseases.canada.ca/notifiable/extract-dataset,web,all,Canada PHAC CNDSS Annual,https://diseases.canada.ca/notifiable/extract-dataset,web
country,ca,ca,Canada,public_projection,CA,Canada,D123,Tularemia,土拉菌病,Bacterial,1936-01-01,1936-01,0,0,,,,missing_population,,SER_CA_PHAC_CNDSS_D127_ANNUAL,,,,,,annual,,,,,,,,,,,,,,series_registry,single_series,parity,,SER_CA_PHAC_CNDSS_D127_ANNUAL,1,The public curve is read directly from one registered source series.,all,Canada PHAC CNDSS Annual,https://diseases.canada.ca/notifiable/extract-dataset,web,all,Canada PHAC CNDSS Annual,https://diseases.canada.ca/notifiable/extract-dataset,web
country,ca,ca,Canada,source_series_observation,CA,Canada,D123,Tularemia,土拉菌病,Bacterial,1936-01-01,1936-01,0,0,,,,,,SER_CA_PHAC_CNDSS_D127_ANNUAL,SER_CA_PHAC_CNDSS_D127_ANNUAL,SRC_CA_PHAC_CNDSS,Tularemia,case_notifications,provincial_territorial_voluntary_notifications_national,annual,count,country:CA:national,all,exact,conditional,non_additive,active,missing_is_unknown,CNDSS_NATIONAL_ANNUAL_2026_08,PHAC CNDSS national annual reported count assembled from voluntary provincial and territorial submissions. Disease-specific reporting coverage and definitions vary over time; null cells are unknown and explicit zeroes are retained.,,raw,True,series_registry,single_series,parity,,SER_CA_PHAC_CNDSS_D127_ANNUAL,1,The public curve is read directly from one registered source series.,all,Canada PHAC CNDSS Annual,https://diseases.canada.ca/notifiable/extract-dataset,web,all,Canada PHAC CNDSS Annual,https://diseases.canada.ca/notifiable/extract-dataset,web
country,ca,ca,Canada,public_projection,CA,Canada,D124,Typhoid fever,伤寒,Bacterial,1936-01-01,1936-01,1737,1737,,,,missing_population,,SER_CA_PHAC_CNDSS_D129_ANNUAL,,,,,,annual,,,,,,,,,,,,,,series_registry,single_series,parity,,SER_CA_PHAC_CNDSS_D129_ANNUAL,1,The public curve is read directly from one registered source series.,all,Canada PHAC CNDSS Annual,https://diseases.canada.ca/notifiable/extract-dataset,web,all,Canada PHAC CNDSS Annual,https://diseases.canada.ca/notifiable/extract-dataset,web
country,ca,ca,Canada,source_series_observation,CA,Canada,D124,Typhoid fever,伤寒,Bacterial,1936-01-01,1936-01,1737,1737,,,,,,SER_CA_PHAC_CNDSS_D129_ANNUAL,SER_CA_PHAC_CNDSS_D129_ANNUAL,SRC_CA_PHAC_CNDSS,Typhoid Fever,case_notifications,provincial_territorial_voluntary_notifications_national,annual,count,country:CA:national,all,exact,conditional,non_additive,active,missing_is_unknown,CNDSS_NATIONAL_ANNUAL_2026_08,PHAC CNDSS national annual reported count assembled from voluntary provincial and territorial submissions. Disease-specific reporting coverage and definitions vary over time; null cells are unknown and explicit zeroes are retained.,,raw,True,series_registry,single_series,parity,,SER_CA_PHAC_CNDSS_D129_ANNUAL,1,The public curve is read directly from one registered source series.,all,Canada PHAC CNDSS Annual,https://diseases.canada.ca/notifiable/extract-dataset,web,all,Canada PHAC CNDSS Annual,https://diseases.canada.ca/notifiable/extract-dataset,web
country,ca,ca,Canada,public_projection,CA,Canada,D165,Amebiasis,阿米巴病,Parasitic,1936-01-01,1936-01,4,4,,,,missing_population,,SER_CA_PHAC_CNDSS_D2_ANNUAL,,,,,,annual,,,,,,,,,,,,,,series_registry,single_series,parity,,SER_CA_PHAC_CNDSS_D2_ANNUAL,1,The public curve is read directly from one registered source series.,all,Canada PHAC CNDSS Annual,https://diseases.canada.ca/notifiable/extract-dataset,web,all,Canada PHAC CNDSS Annual,https://diseases.canada.ca/notifiable/extract-dataset,web
country,ca,ca,Canada,source_series_observation,CA,Canada,D165,Amebiasis,阿米巴病,Parasitic,1936-01-01,1936-01,4,4,,,,,,SER_CA_PHAC_CNDSS_D2_ANNUAL,SER_CA_PHAC_CNDSS_D2_ANNUAL,SRC_CA_PHAC_CNDSS,Amoebiasis,case_notifications,provincial_territorial_voluntary_notifications_national,annual,count,country:CA:national,all,exact,conditional,non_additive,active,missing_is_unknown,CNDSS_NATIONAL_ANNUAL_2026_08,PHAC CNDSS national annual reported count assembled from voluntary provincial and territorial submissions. Disease-specific reporting coverage and definitions vary over time; null cells are unknown and explicit zeroes are retained.,,raw,True,series_registry,single_series,parity,,SER_CA_PHAC_CNDSS_D2_ANNUAL,1,The public curve is read directly from one registered source series.,all,Canada PHAC CNDSS Annual,https://diseases.canada.ca/notifiable/extract-dataset,web,all,Canada PHAC CNDSS Annual,https://diseases.canada.ca/notifiable/extract-dataset,web
country,ca,ca,Canada,public_projection,CA,Canada,D234,Paratyphoid fever,副伤寒,Bacterial,1936-01-01,1936-01,86,86,,,,missing_population,,SER_CA_PHAC_CNDSS_D83_ANNUAL,,,,,,annual,,,,,,,,,,,,,,series_registry,single_series,parity,,SER_CA_PHAC_CNDSS_D83_ANNUAL,1,The public curve is read directly from one registered source series.,all,Canada PHAC CNDSS Annual,https://diseases.canada.ca/notifiable/extract-dataset,web,all,Canada PHAC CNDSS Annual,https://diseases.canada.ca/notifiable/extract-dataset,web
country,ca,ca,Canada,source_series_observation,CA,Canada,D234,Paratyphoid fever,副伤寒,Bacterial,1936-01-01,1936-01,86,86,,,,,,SER_CA_PHAC_CNDSS_D83_ANNUAL,SER_CA_PHAC_CNDSS_D83_ANNUAL,SRC_CA_PHAC_CNDSS,Paratyphoid,case_notifications,provincial_territorial_voluntary_notifications_national,annual,count,country:CA:national,all,exact,conditional,non_additive,active,missing_is_unknown,CNDSS_NATIONAL_ANNUAL_2026_08,PHAC CNDSS national annual reported count assembled from voluntary provincial and territorial submissions. Disease-specific reporting coverage and definitions vary over time; null cells are unknown and explicit zeroes are retained.,,raw,True,series_registry,single_series,parity,,SER_CA_PHAC_CNDSS_D83_ANNUAL,1,The public curve is read directly from one registered source series.,all,Canada PHAC CNDSS Annual,https://diseases.canada.ca/notifiable/extract-dataset,web,all,Canada PHAC CNDSS Annual,https://diseases.canada.ca/notifiable/extract-dataset,web
country,ca,ca,Canada,public_projection,CA,Canada,D001,Plague,鼠疫,Bacterial,1937-01-01,1937-01,0,0,,,,missing_population,,SER_CA_PHAC_CNDSS_D89_ANNUAL,,,,,,annual,,,,,,,,,,,,,,series_registry,single_series,parity,,SER_CA_PHAC_CNDSS_D89_ANNUAL,1,The public curve is read directly from one registered source series.,all,Canada PHAC CNDSS Annual,https://diseases.canada.ca/notifiable/extract-dataset,web,all,Canada PHAC CNDSS Annual,https://diseases.canada.ca/notifiable/extract-dataset,web
country,ca,ca,Canada,source_series_observation,CA,Canada,D001,Plague,鼠疫,Bacterial,1937-01-01,1937-01,0,0,,,,,,SER_CA_PHAC_CNDSS_D89_ANNUAL,SER_CA_PHAC_CNDSS_D89_ANNUAL,SRC_CA_PHAC_CNDSS,Plague,case_notifications,provincial_territorial_voluntary_notifications_national,annual,count,country:CA:national,all,exact,conditional,non_additive,active,missing_is_unknown,CNDSS_NATIONAL_ANNUAL_2026_08,PHAC CNDSS national annual reported count assembled from voluntary provincial and territorial submissions. Disease-specific reporting coverage and definitions vary over time; null cells are unknown and explicit zeroes are retained.,,raw,True,series_registry,single_series,parity,,SER_CA_PHAC_CNDSS_D89_ANNUAL,1,The public curve is read directly from one registered source series.,all,Canada PHAC CNDSS Annual,https://diseases.canada.ca/notifiable/extract-dataset,web,all,Canada PHAC CNDSS Annual,https://diseases.canada.ca/notifiable/extract-dataset,web
country,ca,ca,Canada,public_projection,CA,Canada,D002,Cholera,霍乱,Bacterial,1937-01-01,1937-01,0,0,,,,missing_population,,SER_CA_PHAC_CNDSS_D21_ANNUAL,,,,,,annual,,,,,,,,,,,,,,series_registry,single_series,parity,,SER_CA_PHAC_CNDSS_D21_ANNUAL,1,The public curve is read directly from one registered source series.,all,Canada PHAC CNDSS Annual,https://diseases.canada.ca/notifiable/extract-dataset,web,all,Canada PHAC CNDSS Annual,https://diseases.canada.ca/notifiable/extract-dataset,web
country,ca,ca,Canada,source_series_observation,CA,Canada,D002,Cholera,霍乱,Bacterial,1937-01-01,1937-01,0,0,,,,,,SER_CA_PHAC_CNDSS_D21_ANNUAL,SER_CA_PHAC_CNDSS_D21_ANNUAL,SRC_CA_PHAC_CNDSS,Cholera,case_notifications,provincial_territorial_voluntary_notifications_national,annual,count,country:CA:national,all,exact,conditional,non_additive,active,missing_is_unknown,CNDSS_NATIONAL_ANNUAL_2026_08,PHAC CNDSS national annual reported count assembled from voluntary provincial and territorial submissions. Disease-specific reporting coverage and definitions vary over time; null cells are unknown and explicit zeroes are retained.,,raw,True,series_registry,single_series,parity,,SER_CA_PHAC_CNDSS_D21_ANNUAL,1,The public curve is read directly from one registered source series.,all,Canada PHAC CNDSS Annual,https://diseases.canada.ca/notifiable/extract-dataset,web,all,Canada PHAC CNDSS Annual,https://diseases.canada.ca/notifiable/extract-dataset,web
country,ca,ca,Canada,public_projection,CA,Canada,D007,Hepatitis A,甲型肝炎,Viral,1937-01-01,1937-01,145,145,,,,missing_population,,SER_CA_PHAC_CNDSS_D48_ANNUAL,,,,,,annual,,,,,,,,,,,,,,series_registry,single_series,parity,,SER_CA_PHAC_CNDSS_D48_ANNUAL,1,The public curve is read directly from one registered source series.,all,Canada PHAC CNDSS Annual,https://diseases.canada.ca/notifiable/extract-dataset,web,all,Canada PHAC CNDSS Annual,https://diseases.canada.ca/notifiable/extract-dataset,web
country,ca,ca,Canada,source_series_observation,CA,Canada,D007,Hepatitis A,甲型肝炎,Viral,1937-01-01,1937-01,145,145,,,,,,SER_CA_PHAC_CNDSS_D48_ANNUAL,SER_CA_PHAC_CNDSS_D48_ANNUAL,SRC_CA_PHAC_CNDSS,Hepatitis A,case_notifications,provincial_territorial_voluntary_notifications_national,annual,count,country:CA:national,all,exact,conditional,non_additive,active,missing_is_unknown,CNDSS_NATIONAL_ANNUAL_2026_08,PHAC CNDSS national annual reported count assembled from voluntary provincial and territorial submissions. Disease-specific reporting coverage and definitions vary over time; null cells are unknown and explicit zeroes are retained.,,raw,True,series_registry,single_series,parity,,SER_CA_PHAC_CNDSS_D48_ANNUAL,1,The public curve is read directly from one registered source series.,all,Canada PHAC CNDSS Annual,https://diseases.canada.ca/notifiable/extract-dataset,web,all,Canada PHAC CNDSS Annual,https://diseases.canada.ca/notifiable/extract-dataset,web
country,ca,ca,Canada,public_projection,CA,Canada,D013,Poliomyelitis,脊髓灰质炎,Viral,1937-01-01,1937-01,3905,3905,,,,missing_population,,SER_CA_PHAC_CNDSS_D94_ANNUAL,,,,,,annual,,,,,,,,,,,,,,series_registry,single_series,parity,,SER_CA_PHAC_CNDSS_D94_ANNUAL,1,The public curve is read directly from one registered source series.,all,Canada PHAC CNDSS Annual,https://diseases.canada.ca/notifiable/extract-dataset,web,all,Canada PHAC CNDSS Annual,https://diseases.canada.ca/notifiable/extract-dataset,web
country,ca,ca,Canada,source_series_observation,CA,Canada,D013,Poliomyelitis,脊髓灰质炎,Viral,1937-01-01,1937-01,3905,3905,,,,,,SER_CA_PHAC_CNDSS_D94_ANNUAL,SER_CA_PHAC_CNDSS_D94_ANNUAL,SRC_CA_PHAC_CNDSS,Poliomyelitis,case_notifications,provincial_territorial_voluntary_notifications_national,annual,count,country:CA:national,all,exact,conditional,non_additive,active,missing_is_unknown,CNDSS_NATIONAL_ANNUAL_2026_08,PHAC CNDSS national annual reported count assembled from voluntary provincial and territorial submissions. Disease-specific reporting coverage and definitions vary over time; null cells are unknown and explicit zeroes are retained.,,raw,True,series_registry,single_series,parity,,SER_CA_PHAC_CNDSS_D94_ANNUAL,1,The public curve is read directly from one registered source series.,all,Canada PHAC CNDSS Annual,https://diseases.canada.ca/notifiable/extract-dataset,web,all,Canada PHAC CNDSS Annual,https://diseases.canada.ca/notifiable/extract-dataset,web
country,ca,ca,Canada,public_projection,CA,Canada,D017,Measles,麻疹,Viral,1937-01-01,1937-01,57408,57408,,,,missing_population,,SER_CA_PHAC_CNDSS_D70_ANNUAL,,,,,,annual,,,,,,,,,,,,,,series_registry,single_series,parity,,SER_CA_PHAC_CNDSS_D70_ANNUAL,1,The public curve is read directly from one registered source series.,all,Canada PHAC CNDSS Annual,https://diseases.canada.ca/notifiable/extract-dataset,web,all,Canada PHAC CNDSS Annual,https://diseases.canada.ca/notifiable/extract-dataset,web
country,ca,ca,Canada,source_series_observation,CA,Canada,D017,Measles,麻疹,Viral,1937-01-01,1937-01,57408,57408,,,,,,SER_CA_PHAC_CNDSS_D70_ANNUAL,SER_CA_PHAC_CNDSS_D70_ANNUAL,SRC_CA_PHAC_CNDSS,Measles,case_notifications,provincial_territorial_voluntary_notifications_national,annual,count,country:CA:national,all,exact,conditional,non_additive,active,missing_is_unknown,CNDSS_NATIONAL_ANNUAL_2026_08,PHAC CNDSS national annual reported count assembled from voluntary provincial and territorial submissions. Disease-specific reporting coverage and definitions vary over time; null cells are unknown and explicit zeroes are retained.,,raw,True,series_registry,single_series,parity,,SER_CA_PHAC_CNDSS_D70_ANNUAL,1,The public curve is read directly from one registered source series.,all,Canada PHAC CNDSS Annual,https://diseases.canada.ca/notifiable/extract-dataset,web,all,Canada PHAC CNDSS Annual,https://diseases.canada.ca/notifiable/extract-dataset,web
country,ca,ca,Canada,public_projection,CA,Canada,D019,Rabies,狂犬病,Viral,1937-01-01,1937-01,0,0,,,,missing_population,,SER_CA_PHAC_CNDSS_D98_ANNUAL,,,,,,annual,,,,,,,,,,,,,,series_registry,single_series,parity,,SER_CA_PHAC_CNDSS_D98_ANNUAL,1,The public curve is read directly from one registered source series.,all,Canada PHAC CNDSS Annual,https://diseases.canada.ca/notifiable/extract-dataset,web,all,Canada PHAC CNDSS Annual,https://diseases.canada.ca/notifiable/extract-dataset,web
country,ca,ca,Canada,source_series_observation,CA,Canada,D019,Rabies,狂犬病,Viral,1937-01-01,1937-01,0,0,,,,,,SER_CA_PHAC_CNDSS_D98_ANNUAL,SER_CA_PHAC_CNDSS_D98_ANNUAL,SRC_CA_PHAC_CNDSS,Rabies,case_notifications,provincial_territorial_voluntary_notifications_national,annual,count,country:CA:national,all,exact,conditional,non_additive,active,missing_is_unknown,CNDSS_NATIONAL_ANNUAL_2026_08,PHAC CNDSS national annual reported count assembled from voluntary provincial and territorial submissions. Disease-specific reporting coverage and definitions vary over time; null cells are unknown and explicit zeroes are retained.,,raw,True,series_registry,single_series,parity,,SER_CA_PHAC_CNDSS_D98_ANNUAL,1,The public curve is read directly from one registered source series.,all,Canada PHAC CNDSS Annual,https://diseases.canada.ca/notifiable/extract-dataset,web,all,Canada PHAC CNDSS Annual,https://diseases.canada.ca/notifiable/extract-dataset,web
country,ca,ca,Canada,public_projection,CA,Canada,D023,Anthrax,炭疽,Bacterial,1937-01-01,1937-01,1,1,,,,missing_population,,SER_CA_PHAC_CNDSS_D6_ANNUAL,,,,,,annual,,,,,,,,,,,,,,series_registry,single_series,parity,,SER_CA_PHAC_CNDSS_D6_ANNUAL,1,The public curve is read directly from one registered source series.,all,Canada PHAC CNDSS Annual,https://diseases.canada.ca/notifiable/extract-dataset,web,all,Canada PHAC CNDSS Annual,https://diseases.canada.ca/notifiable/extract-dataset,web
country,ca,ca,Canada,source_series_observation,CA,Canada,D023,Anthrax,炭疽,Bacterial,1937-01-01,1937-01,1,1,,,,,,SER_CA_PHAC_CNDSS_D6_ANNUAL,SER_CA_PHAC_CNDSS_D6_ANNUAL,SRC_CA_PHAC_CNDSS,Anthrax,case_notifications,provincial_territorial_voluntary_notifications_national,annual,count,country:CA:national,all,exact,conditional,non_additive,active,missing_is_unknown,CNDSS_NATIONAL_ANNUAL_2026_08,PHAC CNDSS national annual reported count assembled from voluntary provincial and territorial submissions. Disease-specific reporting coverage and definitions vary over time; null cells are unknown and explicit zeroes are retained.,,raw,True,series_registry,single_series,parity,,SER_CA_PHAC_CNDSS_D6_ANNUAL,1,The public curve is read directly from one registered source series.,all,Canada PHAC CNDSS Annual,https://diseases.canada.ca/notifiable/extract-dataset,web,all,Canada PHAC CNDSS Annual,https://diseases.canada.ca/notifiable/extract-dataset,web
country,ca,ca,Canada,public_projection,CA,Canada,D025,Tuberculosis,肺结核,Bacterial,1937-01-01,1937-01,8540,8540,,,,missing_population,,SER_CA_PHAC_CNDSS_D119_ANNUAL,,,,,,annual,,,,,,,,,,,,,,series_registry,single_series,parity,,SER_CA_PHAC_CNDSS_D119_ANNUAL,1,The public curve is read directly from one registered source series.,all,Canada PHAC CNDSS Annual,https://diseases.canada.ca/notifiable/extract-dataset,web,all,Canada PHAC CNDSS Annual,https://diseases.canada.ca/notifiable/extract-dataset,web
country,ca,ca,Canada,source_series_observation,CA,Canada,D025,Tuberculosis,肺结核,Bacterial,1937-01-01,1937-01,8540,8540,,,,,,SER_CA_PHAC_CNDSS_D119_ANNUAL,SER_CA_PHAC_CNDSS_D119_ANNUAL,SRC_CA_PHAC_CNDSS,Tuberculosis,case_notifications,provincial_territorial_voluntary_notifications_national,annual,count,country:CA:national,all,exact,conditional,non_additive,active,missing_is_unknown,CNDSS_NATIONAL_ANNUAL_2026_08,PHAC CNDSS national annual reported count assembled from voluntary provincial and territorial submissions. Disease-specific reporting coverage and definitions vary over time; null cells are unknown and explicit zeroes are retained.,,raw,True,series_registry,single_series,parity,,SER_CA_PHAC_CNDSS_D119_ANNUAL,1,The public curve is read directly from one registered source series.,all,Canada PHAC CNDSS Annual,https://diseases.canada.ca/notifiable/extract-dataset,web,all,Canada PHAC CNDSS Annual,https://diseases.canada.ca/notifiable/extract-dataset,web
country,ca,ca,Canada,public_projection,CA,Canada,D028,Pertussis,百日咳,Bacterial,1937-01-01,1937-01,17396,17396,,,,missing_population,,SER_CA_PHAC_CNDSS_D85_ANNUAL,,,,,,annual,,,,,,,,,,,,,,series_registry,single_series,parity,,SER_CA_PHAC_CNDSS_D85_ANNUAL,1,The public curve is read directly from one registered source series.,all,Canada PHAC CNDSS Annual,https://diseases.canada.ca/notifiable/extract-dataset,web,all,Canada PHAC CNDSS Annual,https://diseases.canada.ca/notifiable/extract-dataset,web
country,ca,ca,Canada,source_series_observation,CA,Canada,D028,Pertussis,百日咳,Bacterial,1937-01-01,1937-01,17396,17396,,,,,,SER_CA_PHAC_CNDSS_D85_ANNUAL,SER_CA_PHAC_CNDSS_D85_ANNUAL,SRC_CA_PHAC_CNDSS,Pertussis,case_notifications,provincial_territorial_voluntary_notifications_national,annual,count,country:CA:national,all,exact,conditional,non_additive,active,missing_is_unknown,CNDSS_NATIONAL_ANNUAL_2026_08,PHAC CNDSS national annual reported count assembled from voluntary provincial and territorial submissions. Disease-specific reporting coverage and definitions vary over time; null cells are unknown and explicit zeroes are retained.,,raw,True,series_registry,single_series,parity,,SER_CA_PHAC_CNDSS_D85_ANNUAL,1,The public curve is read directly from one registered source series.,all,Canada PHAC CNDSS Annual,https://diseases.canada.ca/notifiable/extract-dataset,web,all,Canada PHAC CNDSS Annual,https://diseases.canada.ca/notifiable/extract-dataset,web
country,ca,ca,Canada,public_projection,CA,Canada,D029,Diphtheria,白喉,Bacterial,1937-01-01,1937-01,2945,2945,,,,missing_population,,SER_CA_PHAC_CNDSS_D32_ANNUAL,,,,,,annual,,,,,,,,,,,,,,series_registry,single_series,parity,,SER_CA_PHAC_CNDSS_D32_ANNUAL,1,The public curve is read directly from one registered source series.,all,Canada PHAC CNDSS Annual,https://diseases.canada.ca/notifiable/extract-dataset,web,all,Canada PHAC CNDSS Annual,https://diseases.canada.ca/notifiable/extract-dataset,web
country,ca,ca,Canada,source_series_observation,CA,Canada,D029,Diphtheria,白喉,Bacterial,1937-01-01,1937-01,2945,2945,,,,,,SER_CA_PHAC_CNDSS_D32_ANNUAL,SER_CA_PHAC_CNDSS_D32_ANNUAL,SRC_CA_PHAC_CNDSS,Diphtheria,case_notifications,provincial_territorial_voluntary_notifications_national,annual,count,country:CA:national,all,exact,conditional,non_additive,active,missing_is_unknown,CNDSS_NATIONAL_ANNUAL_2026_08,PHAC CNDSS national annual reported count assembled from voluntary provincial and territorial submissions. Disease-specific reporting coverage and definitions vary over time; null cells are unknown and explicit zeroes are retained.,,raw,True,series_registry,single_series,parity,,SER_CA_PHAC_CNDSS_D32_ANNUAL,1,The public curve is read directly from one registered source series.,all,Canada PHAC CNDSS Annual,https://diseases.canada.ca/notifiable/extract-dataset,web,all,Canada PHAC CNDSS Annual,https://diseases.canada.ca/notifiable/extract-dataset,web
country,ca,ca,Canada,public_projection,CA,Canada,D032,Brucellosis,布鲁氏菌病,Bacterial,1937-01-01,1937-01,185,185,,,,missing_population,,SER_CA_PHAC_CNDSS_D15_ANNUAL,,,,,,annual,,,,,,,,,,,,,,series_registry,single_series,parity,,SER_CA_PHAC_CNDSS_D15_ANNUAL,1,The public curve is read directly from one registered source series.,all,Canada PHAC CNDSS Annual,https://diseases.canada.ca/notifiable/extract-dataset,web,all,Canada PHAC CNDSS Annual,https://diseases.canada.ca/notifiable/extract-dataset,web
country,ca,ca,Canada,source_series_observation,CA,Canada,D032,Brucellosis,布鲁氏菌病,Bacterial,1937-01-01,1937-01,185,185,,,,,,SER_CA_PHAC_CNDSS_D15_ANNUAL,SER_CA_PHAC_CNDSS_D15_ANNUAL,SRC_CA_PHAC_CNDSS,Brucellosis,case_notifications,provincial_territorial_voluntary_notifications_national,annual,count,country:CA:national,all,exact,conditional,non_additive,active,missing_is_unknown,CNDSS_NATIONAL_ANNUAL_2026_08,PHAC CNDSS national annual reported count assembled from voluntary provincial and territorial submissions. Disease-specific reporting coverage and definitions vary over time; null cells are unknown and explicit zeroes are retained.,,raw,True,series_registry,single_series,parity,,SER_CA_PHAC_CNDSS_D15_ANNUAL,1,The public curve is read directly from one registered source series.,all,Canada PHAC CNDSS Annual,https://diseases.canada.ca/notifiable/extract-dataset,web,all,Canada PHAC CNDSS Annual,https://diseases.canada.ca/notifiable/extract-dataset,web
country,ca,ca,Canada,public_projection,CA,Canada,D033,Gonorrhea,淋病,Bacterial,1937-01-01,1937-01,3575,3575,,,,missing_population,,SER_CA_PHAC_CNDSS_D45_ANNUAL,,,,,,annual,,,,,,,,,,,,,,series_registry,single_series,parity,,SER_CA_PHAC_CNDSS_D45_ANNUAL,1,The public curve is read directly from one registered source series.,all,Canada PHAC CNDSS Annual,https://diseases.canada.ca/notifiable/extract-dataset,web,all,Canada PHAC CNDSS Annual,https://diseases.canada.ca/notifiable/extract-dataset,web
country,ca,ca,Canada,source_series_observation,CA,Canada,D033,Gonorrhea,淋病,Bacterial,1937-01-01,1937-01,3575,3575,,,,,,SER_CA_PHAC_CNDSS_D45_ANNUAL,SER_CA_PHAC_CNDSS_D45_ANNUAL,SRC_CA_PHAC_CNDSS,Gonorrhea,case_notifications,provincial_territorial_voluntary_notifications_national,annual,count,country:CA:national,all,exact,conditional,non_additive,active,missing_is_unknown,CNDSS_NATIONAL_ANNUAL_2026_08,PHAC CNDSS national annual reported count assembled from voluntary provincial and territorial submissions. Disease-specific reporting coverage and definitions vary over time; null cells are unknown and explicit zeroes are retained.,,raw,True,series_registry,single_series,parity,,SER_CA_PHAC_CNDSS_D45_ANNUAL,1,The public curve is read directly from one registered source series.,all,Canada PHAC CNDSS Annual,https://diseases.canada.ca/notifiable/extract-dataset,web,all,Canada PHAC CNDSS Annual,https://diseases.canada.ca/notifiable/extract-dataset,web
country,ca,ca,Canada,public_projection,CA,Canada,D034,Syphilis,梅毒,Bacterial,1937-01-01,1937-01,2429,2429,,,,missing_population,,SER_CA_PHAC_CNDSS_D117_ANNUAL,,,,,,annual,,,,,,,,,,,,,,series_registry,single_series,parity,,SER_CA_PHAC_CNDSS_D117_ANNUAL,1,The public curve is read directly from one registered source series.,all,Canada PHAC CNDSS Annual,https://diseases.canada.ca/notifiable/extract-dataset,web,all,Canada PHAC CNDSS Annual,https://diseases.canada.ca/notifiable/extract-dataset,web
country,ca,ca,Canada,source_series_observation,CA,Canada,D034,Syphilis,梅毒,Bacterial,1937-01-01,1937-01,2429,2429,,,,,,SER_CA_PHAC_CNDSS_D117_ANNUAL,SER_CA_PHAC_CNDSS_D117_ANNUAL,SRC_CA_PHAC_CNDSS,Syphilis,case_notifications,provincial_territorial_voluntary_notifications_national,annual,count,country:CA:national,all,exact,conditional,non_additive,active,missing_is_unknown,CNDSS_NATIONAL_ANNUAL_2026_08,PHAC CNDSS national annual reported count assembled from voluntary provincial and territorial submissions. Disease-specific reporting coverage and definitions vary over time; null cells are unknown and explicit zeroes are retained.,,raw,True,series_registry,single_series,parity,,SER_CA_PHAC_CNDSS_D117_ANNUAL,1,The public curve is read directly from one registered source series.,all,Canada PHAC CNDSS Annual,https://diseases.canada.ca/notifiable/extract-dataset,web,all,Canada PHAC CNDSS Annual,https://diseases.canada.ca/notifiable/extract-dataset,web
country,ca,ca,Canada,public_projection,CA,Canada,D037,Malaria,疟疾,Parasitic,1937-01-01,1937-01,0,0,,,,missing_population,,SER_CA_PHAC_CNDSS_D69_ANNUAL,,,,,,annual,,,,,,,,,,,,,,series_registry,single_series,parity,,SER_CA_PHAC_CNDSS_D69_ANNUAL,1,The public curve is read directly from one registered source series.,all,Canada PHAC CNDSS Annual,https://diseases.canada.ca/notifiable/extract-dataset,web,all,Canada PHAC CNDSS Annual,https://diseases.canada.ca/notifiable/extract-dataset,web
country,ca,ca,Canada,source_series_observation,CA,Canada,D037,Malaria,疟疾,Parasitic,1937-01-01,1937-01,0,0,,,,,,SER_CA_PHAC_CNDSS_D69_ANNUAL,SER_CA_PHAC_CNDSS_D69_ANNUAL,SRC_CA_PHAC_CNDSS,Malaria,case_notifications,provincial_territorial_voluntary_notifications_national,annual,count,country:CA:national,all,exact,conditional,non_additive,active,missing_is_unknown,CNDSS_NATIONAL_ANNUAL_2026_08,PHAC CNDSS national annual reported count assembled from voluntary provincial and territorial submissions. Disease-specific reporting coverage and definitions vary over time; null cells are unknown and explicit zeroes are retained.,,raw,True,series_registry,single_series,parity,,SER_CA_PHAC_CNDSS_D69_ANNUAL,1,The public curve is read directly from one registered source series.,all,Canada PHAC CNDSS Annual,https://diseases.canada.ca/notifiable/extract-dataset,web,all,Canada PHAC CNDSS Annual,https://diseases.canada.ca/notifiable/extract-dataset,web
country,ca,ca,Canada,public_projection,CA,Canada,D038,Influenza,流行性感冒,Viral,1937-01-01,1937-01,64429,64429,,,,missing_population,,SER_CA_PHAC_CNDSS_D958_ANNUAL,,,,,,annual,,,,,,,,,,,,,,series_registry,single_series,parity,,SER_CA_PHAC_CNDSS_D958_ANNUAL,1,The public curve is read directly from one registered source series.,all,Canada PHAC CNDSS Annual,https://diseases.canada.ca/notifiable/extract-dataset,web,all,Canada PHAC CNDSS Annual,https://diseases.canada.ca/notifiable/extract-dataset,web
country,ca,ca,Canada,source_series_observation,CA,Canada,D038,Influenza,流行性感冒,Viral,1937-01-01,1937-01,64429,64429,,,,,,SER_CA_PHAC_CNDSS_D958_ANNUAL,SER_CA_PHAC_CNDSS_D958_ANNUAL,SRC_CA_PHAC_CNDSS,"Influenza, Epidemic",case_notifications,provincial_territorial_voluntary_notifications_national,annual,count,country:CA:national,all,exact,conditional,non_additive,active,missing_is_unknown,CNDSS_NATIONAL_ANNUAL_2026_08,PHAC CNDSS national annual reported count assembled from voluntary provincial and territorial submissions. Disease-specific reporting coverage and definitions vary over time; null cells are unknown and explicit zeroes are retained.,,raw,True,series_registry,single_series,parity,,SER_CA_PHAC_CNDSS_D958_ANNUAL,1,The public curve is read directly from one registered source series.,all,Canada PHAC CNDSS Annual,https://diseases.canada.ca/notifiable/extract-dataset,web,all,Canada PHAC CNDSS Annual,https://diseases.canada.ca/notifiable/extract-dataset,web
country,ca,ca,Canada,public_projection,CA,Canada,D039,Mumps,流行性腮腺炎,Viral,1937-01-01,1937-01,14441,14441,,,,missing_population,,SER_CA_PHAC_CNDSS_D78_ANNUAL,,,,,,annual,,,,,,,,,,,,,,series_registry,single_series,parity,,SER_CA_PHAC_CNDSS_D78_ANNUAL,1,The public curve is read directly from one registered source series.,all,Canada PHAC CNDSS Annual,https://diseases.canada.ca/notifiable/extract-dataset,web,all,Canada PHAC CNDSS Annual,https://diseases.canada.ca/notifiable/extract-dataset,web
country,ca,ca,Canada,source_series_observation,CA,Canada,D039,Mumps,流行性腮腺炎,Viral,1937-01-01,1937-01,14441,14441,,,,,,SER_CA_PHAC_CNDSS_D78_ANNUAL,SER_CA_PHAC_CNDSS_D78_ANNUAL,SRC_CA_PHAC_CNDSS,Mumps,case_notifications,provincial_territorial_voluntary_notifications_national,annual,count,country:CA:national,all,exact,conditional,non_additive,active,missing_is_unknown,CNDSS_NATIONAL_ANNUAL_2026_08,PHAC CNDSS national annual reported count assembled from voluntary provincial and territorial submissions. Disease-specific reporting coverage and definitions vary over time; null cells are unknown and explicit zeroes are retained.,,raw,True,series_registry,single_series,parity,,SER_CA_PHAC_CNDSS_D78_ANNUAL,1,The public curve is read directly from one registered source series.,all,Canada PHAC CNDSS Annual,https://diseases.canada.ca/notifiable/extract-dataset,web,all,Canada PHAC CNDSS Annual,https://diseases.canada.ca/notifiable/extract-dataset,web
country,ca,ca,Canada,public_projection,CA,Canada,D040,Rubella,风疹,Viral,1937-01-01,1937-01,3377,3377,,,,missing_population,,SER_CA_PHAC_CNDSS_D106_ANNUAL,,,,,,annual,,,,,,,,,,,,,,series_registry,single_series,parity,,SER_CA_PHAC_CNDSS_D106_ANNUAL,1,The public curve is read directly from one registered source series.,all,Canada PHAC CNDSS Annual,https://diseases.canada.ca/notifiable/extract-dataset,web,all,Canada PHAC CNDSS Annual,https://diseases.canada.ca/notifiable/extract-dataset,web
country,ca,ca,Canada,source_series_observation,CA,Canada,D040,Rubella,风疹,Viral,1937-01-01,1937-01,3377,3377,,,,,,SER_CA_PHAC_CNDSS_D106_ANNUAL,SER_CA_PHAC_CNDSS_D106_ANNUAL,SRC_CA_PHAC_CNDSS,Rubella,case_notifications,provincial_territorial_voluntary_notifications_national,annual,count,country:CA:national,all,exact,conditional,non_additive,active,missing_is_unknown,CNDSS_NATIONAL_ANNUAL_2026_08,PHAC CNDSS national annual reported count assembled from voluntary provincial and territorial submissions. Disease-specific reporting coverage and definitions vary over time; null cells are unknown and explicit zeroes are retained.,,raw,True,series_registry,single_series,parity,,SER_CA_PHAC_CNDSS_D106_ANNUAL,1,The public curve is read directly from one registered source series.,all,Canada PHAC CNDSS Annual,https://diseases.canada.ca/notifiable/extract-dataset,web,all,Canada PHAC CNDSS Annual,https://diseases.canada.ca/notifiable/extract-dataset,web
country,ca,ca,Canada,public_projection,CA,Canada,D042,Leprosy,麻风病,Bacterial,1937-01-01,1937-01,4,4,,,,missing_population,,SER_CA_PHAC_CNDSS_D64_ANNUAL,,,,,,annual,,,,,,,,,,,,,,series_registry,single_series,parity,,SER_CA_PHAC_CNDSS_D64_ANNUAL,1,The public curve is read directly from one registered source series.,all,Canada PHAC CNDSS Annual,https://diseases.canada.ca/notifiable/extract-dataset,web,all,Canada PHAC CNDSS Annual,https://diseases.canada.ca/notifiable/extract-dataset,web
country,ca,ca,Canada,source_series_observation,CA,Canada,D042,Leprosy,麻风病,Bacterial,1937-01-01,1937-01,4,4,,,,,,SER_CA_PHAC_CNDSS_D64_ANNUAL,SER_CA_PHAC_CNDSS_D64_ANNUAL,SRC_CA_PHAC_CNDSS,Leprosy,case_notifications,provincial_territorial_voluntary_notifications_national,annual,count,country:CA:national,all,exact,conditional,non_additive,active,missing_is_unknown,CNDSS_NATIONAL_ANNUAL_2026_08,PHAC CNDSS national annual reported count assembled from voluntary provincial and territorial submissions. Disease-specific reporting coverage and definitions vary over time; null cells are unknown and explicit zeroes are retained.,,raw,True,series_registry,single_series,parity,,SER_CA_PHAC_CNDSS_D64_ANNUAL,1,The public curve is read directly from one registered source series.,all,Canada PHAC CNDSS Annual,https://diseases.canada.ca/notifiable/extract-dataset,web,all,Canada PHAC CNDSS Annual,https://diseases.canada.ca/notifiable/extract-dataset,web
country,ca,ca,Canada,public_projection,CA,Canada,D054,Varicella,水痘,Viral,1937-01-01,1937-01,24278,24278,,,,missing_population,,SER_CA_PHAC_CNDSS_D20_ANNUAL,,,,,,annual,,,,,,,,,,,,,,series_registry,single_series,parity,,SER_CA_PHAC_CNDSS_D20_ANNUAL,1,The public curve is read directly from one registered source series.,all,Canada PHAC CNDSS Annual,https://diseases.canada.ca/notifiable/extract-dataset,web,all,Canada PHAC CNDSS Annual,https://diseases.canada.ca/notifiable/extract-dataset,web
country,ca,ca,Canada,source_series_observation,CA,Canada,D054,Varicella,水痘,Viral,1937-01-01,1937-01,24278,24278,,,,,,SER_CA_PHAC_CNDSS_D20_ANNUAL,SER_CA_PHAC_CNDSS_D20_ANNUAL,SRC_CA_PHAC_CNDSS,Chickenpox,case_notifications,provincial_territorial_voluntary_notifications_national,annual,count,country:CA:national,all,exact,conditional,non_additive,active,missing_is_unknown,CNDSS_NATIONAL_ANNUAL_2026_08,PHAC CNDSS national annual reported count assembled from voluntary provincial and territorial submissions. Disease-specific reporting coverage and definitions vary over time; null cells are unknown and explicit zeroes are retained.,,raw,True,series_registry,single_series,parity,,SER_CA_PHAC_CNDSS_D20_ANNUAL,1,The public curve is read directly from one registered source series.,all,Canada PHAC CNDSS Annual,https://diseases.canada.ca/notifiable/extract-dataset,web,all,Canada PHAC CNDSS Annual,https://diseases.canada.ca/notifiable/extract-dataset,web
country,ca,ca,Canada,public_projection,CA,Canada,D059,Yellow fever,黄热病,Viral,1937-01-01,1937-01,0,0,,,,missing_population,,SER_CA_PHAC_CNDSS_D134_ANNUAL,,,,,,annual,,,,,,,,,,,,,,series_registry,single_series,parity,,SER_CA_PHAC_CNDSS_D134_ANNUAL,1,The public curve is read directly from one registered source series.,all,Canada PHAC CNDSS Annual,https://diseases.canada.ca/notifiable/extract-dataset,web,all,Canada PHAC CNDSS Annual,https://diseases.canada.ca/notifiable/extract-dataset,web
country,ca,ca,Canada,source_series_observation,CA,Canada,D059,Yellow fever,黄热病,Viral,1937-01-01,1937-01,0,0,,,,,,SER_CA_PHAC_CNDSS_D134_ANNUAL,SER_CA_PHAC_CNDSS_D134_ANNUAL,SRC_CA_PHAC_CNDSS,Yellow Fever,case_notifications,provincial_territorial_voluntary_notifications_national,annual,count,country:CA:national,all,exact,conditional,non_additive,active,missing_is_unknown,CNDSS_NATIONAL_ANNUAL_2026_08,PHAC CNDSS national annual reported count assembled from voluntary provincial and territorial submissions. Disease-specific reporting coverage and definitions vary over time; null cells are unknown and explicit zeroes are retained.,,raw,True,series_registry,single_series,parity,,SER_CA_PHAC_CNDSS_D134_ANNUAL,1,The public curve is read directly from one registered source series.,all,Canada PHAC CNDSS Annual,https://diseases.canada.ca/notifiable/extract-dataset,web,all,Canada PHAC CNDSS Annual,https://diseases.canada.ca/notifiable/extract-dataset,web
country,ca,ca,Canada,public_projection,CA,Canada,D064,Smallpox,天花,,1937-01-01,1937-01,58,58,,,,missing_population,,SER_CA_PHAC_CNDSS_D112_ANNUAL,,,,,,annual,,,,,,,,,,,,,,series_registry,single_series,parity,,SER_CA_PHAC_CNDSS_D112_ANNUAL,1,The public curve is read directly from one registered source series.,all,Canada PHAC CNDSS Annual,https://diseases.canada.ca/notifiable/extract-dataset,web,all,Canada PHAC CNDSS Annual,https://diseases.canada.ca/notifiable/extract-dataset,web
country,ca,ca,Canada,source_series_observation,CA,Canada,D064,Smallpox,天花,,1937-01-01,1937-01,58,58,,,,,,SER_CA_PHAC_CNDSS_D112_ANNUAL,SER_CA_PHAC_CNDSS_D112_ANNUAL,SRC_CA_PHAC_CNDSS,Smallpox,case_notifications,provincial_territorial_voluntary_notifications_national,annual,count,country:CA:national,all,exact,conditional,non_additive,active,missing_is_unknown,CNDSS_NATIONAL_ANNUAL_2026_08,PHAC CNDSS national annual reported count assembled from voluntary provincial and territorial submissions. Disease-specific reporting coverage and definitions vary over time; null cells are unknown and explicit zeroes are retained.,,raw,True,series_registry,single_series,parity,,SER_CA_PHAC_CNDSS_D112_ANNUAL,1,The public curve is read directly from one registered source series.,all,Canada PHAC CNDSS Annual,https://diseases.canada.ca/notifiable/extract-dataset,web,all,Canada PHAC CNDSS Annual,https://diseases.canada.ca/notifiable/extract-dataset,web
country,ca,ca,Canada,public_projection,CA,Canada,D091,Botulism,肉毒杆菌中毒,Bacterial,1937-01-01,1937-01,0,0,,,,missing_population,,SER_CA_PHAC_CNDSS_D13_ANNUAL,,,,,,annual,,,,,,,,,,,,,,series_registry,single_series,parity,,SER_CA_PHAC_CNDSS_D13_ANNUAL,1,The public curve is read directly from one registered source series.,all,Canada PHAC CNDSS Annual,https://diseases.canada.ca/notifiable/extract-dataset,web,all,Canada PHAC CNDSS Annual,https://diseases.canada.ca/notifiable/extract-dataset,web
country,ca,ca,Canada,source_series_observation,CA,Canada,D091,Botulism,肉毒杆菌中毒,Bacterial,1937-01-01,1937-01,0,0,,,,,,SER_CA_PHAC_CNDSS_D13_ANNUAL,SER_CA_PHAC_CNDSS_D13_ANNUAL,SRC_CA_PHAC_CNDSS,Botulism,case_notifications,provincial_territorial_voluntary_notifications_national,annual,count,country:CA:national,all,exact,conditional,non_additive,active,missing_is_unknown,CNDSS_NATIONAL_ANNUAL_2026_08,PHAC CNDSS national annual reported count assembled from voluntary provincial and territorial submissions. Disease-specific reporting coverage and definitions vary over time; null cells are unknown and explicit zeroes are retained.,,raw,True,series_registry,single_series,parity,,SER_CA_PHAC_CNDSS_D13_ANNUAL,1,The public curve is read directly from one registered source series.,all,Canada PHAC CNDSS Annual,https://diseases.canada.ca/notifiable/extract-dataset,web,all,Canada PHAC CNDSS Annual,https://diseases.canada.ca/notifiable/extract-dataset,web
country,ca,ca,Canada,public_projection,CA,Canada,D105,Shigellosis,志贺菌病,Bacterial,1937-01-01,1937-01,33,33,,,,missing_population,,SER_CA_PHAC_CNDSS_D111_ANNUAL,,,,,,annual,,,,,,,,,,,,,,series_registry,single_series,parity,,SER_CA_PHAC_CNDSS_D111_ANNUAL,1,The public curve is read directly from one registered source series.,all,Canada PHAC CNDSS Annual,https://diseases.canada.ca/notifiable/extract-dataset,web,all,Canada PHAC CNDSS Annual,https://diseases.canada.ca/notifiable/extract-dataset,web
country,ca,ca,Canada,source_series_observation,CA,Canada,D105,Shigellosis,志贺菌病,Bacterial,1937-01-01,1937-01,33,33,,,,,,SER_CA_PHAC_CNDSS_D111_ANNUAL,SER_CA_PHAC_CNDSS_D111_ANNUAL,SRC_CA_PHAC_CNDSS,Shigellosis,case_notifications,provincial_territorial_voluntary_notifications_national,annual,count,country:CA:national,all,exact,conditional,non_additive,active,missing_is_unknown,CNDSS_NATIONAL_ANNUAL_2026_08,PHAC CNDSS national annual reported count assembled from voluntary provincial and territorial submissions. Disease-specific reporting coverage and definitions vary over time; null cells are unknown and explicit zeroes are retained.,,raw,True,series_registry,single_series,parity,,SER_CA_PHAC_CNDSS_D111_ANNUAL,1,The public curve is read directly from one registered source series.,all,Canada PHAC CNDSS Annual,https://diseases.canada.ca/notifiable/extract-dataset,web,all,Canada PHAC CNDSS Annual,https://diseases.canada.ca/notifiable/extract-dataset,web
country,ca,ca,Canada,public_projection,CA,Canada,D110,Meningococcal disease,脑膜炎球菌病,Bacterial,1937-01-01,1937-01,149,149,,,,missing_population,,SER_CA_PHAC_CNDSS_D74_ANNUAL,,,,,,annual,,,,,,,,,,,,,,series_registry,single_series,parity,,SER_CA_PHAC_CNDSS_D74_ANNUAL,1,The public curve is read directly from one registered source series.,all,Canada PHAC CNDSS Annual,https://diseases.canada.ca/notifiable/extract-dataset,web,all,Canada PHAC CNDSS Annual,https://diseases.canada.ca/notifiable/extract-dataset,web
country,ca,ca,Canada,source_series_observation,CA,Canada,D110,Meningococcal disease,脑膜炎球菌病,Bacterial,1937-01-01,1937-01,149,149,,,,,,SER_CA_PHAC_CNDSS_D74_ANNUAL,SER_CA_PHAC_CNDSS_D74_ANNUAL,SRC_CA_PHAC_CNDSS,"Meningococcal Disease, Invasive",case_notifications,provincial_territorial_voluntary_notifications_national,annual,count,country:CA:national,all,exact,conditional,non_additive,active,missing_is_unknown,CNDSS_NATIONAL_ANNUAL_2026_08,PHAC CNDSS national annual reported count assembled from voluntary provincial and territorial submissions. Disease-specific reporting coverage and definitions vary over time; null cells are unknown and explicit zeroes are retained.,,raw,True,series_registry,single_series,parity,,SER_CA_PHAC_CNDSS_D74_ANNUAL,1,The public curve is read directly from one registered source series.,all,Canada PHAC CNDSS Annual,https://diseases.canada.ca/notifiable/extract-dataset,web,all,Canada PHAC CNDSS Annual,https://diseases.canada.ca/notifiable/extract-dataset,web
country,ca,ca,Canada,public_projection,CA,Canada,D122,Trichinellosis,旋毛虫病,Parasitic,1937-01-01,1937-01,0,0,,,,missing_population,,SER_CA_PHAC_CNDSS_D123_ANNUAL,,,,,,annual,,,,,,,,,,,,,,series_registry,single_series,parity,,SER_CA_PHAC_CNDSS_D123_ANNUAL,1,The public curve is read directly from one registered source series.,all,Canada PHAC CNDSS Annual,https://diseases.canada.ca/notifiable/extract-dataset,web,all,Canada PHAC CNDSS Annual,https://diseases.canada.ca/notifiable/extract-dataset,web
country,ca,ca,Canada,source_series_observation,CA,Canada,D122,Trichinellosis,旋毛虫病,Parasitic,1937-01-01,1937-01,0,0,,,,,,SER_CA_PHAC_CNDSS_D123_ANNUAL,SER_CA_PHAC_CNDSS_D123_ANNUAL,SRC_CA_PHAC_CNDSS,Trichinosis,case_notifications,provincial_territorial_voluntary_notifications_national,annual,count,country:CA:national,all,exact,conditional,non_additive,active,missing_is_unknown,CNDSS_NATIONAL_ANNUAL_2026_08,PHAC CNDSS national annual reported count assembled from voluntary provincial and territorial submissions. Disease-specific reporting coverage and definitions vary over time; null cells are unknown and explicit zeroes are retained.,,raw,True,series_registry,single_series,parity,,SER_CA_PHAC_CNDSS_D123_ANNUAL,1,The public curve is read directly from one registered source series.,all,Canada PHAC CNDSS Annual,https://diseases.canada.ca/notifiable/extract-dataset,web,all,Canada PHAC CNDSS Annual,https://diseases.canada.ca/notifiable/extract-dataset,web
country,ca,ca,Canada,public_projection,CA,Canada,D123,Tularemia,土拉菌病,Bacterial,1937-01-01,1937-01,1,1,,,,missing_population,,SER_CA_PHAC_CNDSS_D127_ANNUAL,,,,,,annual,,,,,,,,,,,,,,series_registry,single_series,parity,,SER_CA_PHAC_CNDSS_D127_ANNUAL,1,The public curve is read directly from one registered source series.,all,Canada PHAC CNDSS Annual,https://diseases.canada.ca/notifiable/extract-dataset,web,all,Canada PHAC CNDSS Annual,https://diseases.canada.ca/notifiable/extract-dataset,web
country,ca,ca,Canada,source_series_observation,CA,Canada,D123,Tularemia,土拉菌病,Bacterial,1937-01-01,1937-01,1,1,,,,,,SER_CA_PHAC_CNDSS_D127_ANNUAL,SER_CA_PHAC_CNDSS_D127_ANNUAL,SRC_CA_PHAC_CNDSS,Tularemia,case_notifications,provincial_territorial_voluntary_notifications_national,annual,count,country:CA:national,all,exact,conditional,non_additive,active,missing_is_unknown,CNDSS_NATIONAL_ANNUAL_2026_08,PHAC CNDSS national annual reported count assembled from voluntary provincial and territorial submissions. Disease-specific reporting coverage and definitions vary over time; null cells are unknown and explicit zeroes are retained.,,raw,True,series_registry,single_series,parity,,SER_CA_PHAC_CNDSS_D127_ANNUAL,1,The public curve is read directly from one registered source series.,all,Canada PHAC CNDSS Annual,https://diseases.canada.ca/notifiable/extract-dataset,web,all,Canada PHAC CNDSS Annual,https://diseases.canada.ca/notifiable/extract-dataset,web
country,ca,ca,Canada,public_projection,CA,Canada,D124,Typhoid fever,伤寒,Bacterial,1937-01-01,1937-01,2147,2147,,,,missing_population,,SER_CA_PHAC_CNDSS_D129_ANNUAL,,,,,,annual,,,,,,,,,,,,,,series_registry,single_series,parity,,SER_CA_PHAC_CNDSS_D129_ANNUAL,1,The public curve is read directly from one registered source series.,all,Canada PHAC CNDSS Annual,https://diseases.canada.ca/notifiable/extract-dataset,web,all,Canada PHAC CNDSS Annual,https://diseases.canada.ca/notifiable/extract-dataset,web
country,ca,ca,Canada,source_series_observation,CA,Canada,D124,Typhoid fever,伤寒,Bacterial,1937-01-01,1937-01,2147,2147,,,,,,SER_CA_PHAC_CNDSS_D129_ANNUAL,SER_CA_PHAC_CNDSS_D129_ANNUAL,SRC_CA_PHAC_CNDSS,Typhoid Fever,case_notifications,provincial_territorial_voluntary_notifications_national,annual,count,country:CA:national,all,exact,conditional,non_additive,active,missing_is_unknown,CNDSS_NATIONAL_ANNUAL_2026_08,PHAC CNDSS national annual reported count assembled from voluntary provincial and territorial submissions. Disease-specific reporting coverage and definitions vary over time; null cells are unknown and explicit zeroes are retained.,,raw,True,series_registry,single_series,parity,,SER_CA_PHAC_CNDSS_D129_ANNUAL,1,The public curve is read directly from one registered source series.,all,Canada PHAC CNDSS Annual,https://diseases.canada.ca/notifiable/extract-dataset,web,all,Canada PHAC CNDSS Annual,https://diseases.canada.ca/notifiable/extract-dataset,web
country,ca,ca,Canada,public_projection,CA,Canada,D165,Amebiasis,阿米巴病,Parasitic,1937-01-01,1937-01,2,2,,,,missing_population,,SER_CA_PHAC_CNDSS_D2_ANNUAL,,,,,,annual,,,,,,,,,,,,,,series_registry,single_series,parity,,SER_CA_PHAC_CNDSS_D2_ANNUAL,1,The public curve is read directly from one registered source series.,all,Canada PHAC CNDSS Annual,https://diseases.canada.ca/notifiable/extract-dataset,web,all,Canada PHAC CNDSS Annual,https://diseases.canada.ca/notifiable/extract-dataset,web
country,ca,ca,Canada,source_series_observation,CA,Canada,D165,Amebiasis,阿米巴病,Parasitic,1937-01-01,1937-01,2,2,,,,,,SER_CA_PHAC_CNDSS_D2_ANNUAL,SER_CA_PHAC_CNDSS_D2_ANNUAL,SRC_CA_PHAC_CNDSS,Amoebiasis,case_notifications,provincial_territorial_voluntary_notifications_national,annual,count,country:CA:national,all,exact,conditional,non_additive,active,missing_is_unknown,CNDSS_NATIONAL_ANNUAL_2026_08,PHAC CNDSS national annual reported count assembled from voluntary provincial and territorial submissions. Disease-specific reporting coverage and definitions vary over time; null cells are unknown and explicit zeroes are retained.,,raw,True,series_registry,single_series,parity,,SER_CA_PHAC_CNDSS_D2_ANNUAL,1,The public curve is read directly from one registered source series.,all,Canada PHAC CNDSS Annual,https://diseases.canada.ca/notifiable/extract-dataset,web,all,Canada PHAC CNDSS Annual,https://diseases.canada.ca/notifiable/extract-dataset,web
country,ca,ca,Canada,public_projection,CA,Canada,D234,Paratyphoid fever,副伤寒,Bacterial,1937-01-01,1937-01,110,110,,,,missing_population,,SER_CA_PHAC_CNDSS_D83_ANNUAL,,,,,,annual,,,,,,,,,,,,,,series_registry,single_series,parity,,SER_CA_PHAC_CNDSS_D83_ANNUAL,1,The public curve is read directly from one registered source series.,all,Canada PHAC CNDSS Annual,https://diseases.canada.ca/notifiable/extract-dataset,web,all,Canada PHAC CNDSS Annual,https://diseases.canada.ca/notifiable/extract-dataset,web
country,ca,ca,Canada,source_series_observation,CA,Canada,D234,Paratyphoid fever,副伤寒,Bacterial,1937-01-01,1937-01,110,110,,,,,,SER_CA_PHAC_CNDSS_D83_ANNUAL,SER_CA_PHAC_CNDSS_D83_ANNUAL,SRC_CA_PHAC_CNDSS,Paratyphoid,case_notifications,provincial_territorial_voluntary_notifications_national,annual,count,country:CA:national,all,exact,conditional,non_additive,active,missing_is_unknown,CNDSS_NATIONAL_ANNUAL_2026_08,PHAC CNDSS national annual reported count assembled from voluntary provincial and territorial submissions. Disease-specific reporting coverage and definitions vary over time; null cells are unknown and explicit zeroes are retained.,,raw,True,series_registry,single_series,parity,,SER_CA_PHAC_CNDSS_D83_ANNUAL,1,The public curve is read directly from one registered source series.,all,Canada PHAC CNDSS Annual,https://diseases.canada.ca/notifiable/extract-dataset,web,all,Canada PHAC CNDSS Annual,https://diseases.canada.ca/notifiable/extract-dataset,web
country,ca,ca,Canada,public_projection,CA,Canada,D001,Plague,鼠疫,Bacterial,1938-01-01,1938-01,0,0,,,,missing_population,,SER_CA_PHAC_CNDSS_D89_ANNUAL,,,,,,annual,,,,,,,,,,,,,,series_registry,single_series,parity,,SER_CA_PHAC_CNDSS_D89_ANNUAL,1,The public curve is read directly from one registered source series.,all,Canada PHAC CNDSS Annual,https://diseases.canada.ca/notifiable/extract-dataset,web,all,Canada PHAC CNDSS Annual,https://diseases.canada.ca/notifiable/extract-dataset,web
country,ca,ca,Canada,source_series_observation,CA,Canada,D001,Plague,鼠疫,Bacterial,1938-01-01,1938-01,0,0,,,,,,SER_CA_PHAC_CNDSS_D89_ANNUAL,SER_CA_PHAC_CNDSS_D89_ANNUAL,SRC_CA_PHAC_CNDSS,Plague,case_notifications,provincial_territorial_voluntary_notifications_national,annual,count,country:CA:national,all,exact,conditional,non_additive,active,missing_is_unknown,CNDSS_NATIONAL_ANNUAL_2026_08,PHAC CNDSS national annual reported count assembled from voluntary provincial and territorial submissions. Disease-specific reporting coverage and definitions vary over time; null cells are unknown and explicit zeroes are retained.,,raw,True,series_registry,single_series,parity,,SER_CA_PHAC_CNDSS_D89_ANNUAL,1,The public curve is read directly from one registered source series.,all,Canada PHAC CNDSS Annual,https://diseases.canada.ca/notifiable/extract-dataset,web,all,Canada PHAC CNDSS Annual,https://diseases.canada.ca/notifiable/extract-dataset,web
country,ca,ca,Canada,public_projection,CA,Canada,D002,Cholera,霍乱,Bacterial,1938-01-01,1938-01,0,0,,,,missing_population,,SER_CA_PHAC_CNDSS_D21_ANNUAL,,,,,,annual,,,,,,,,,,,,,,series_registry,single_series,parity,,SER_CA_PHAC_CNDSS_D21_ANNUAL,1,The public curve is read directly from one registered source series.,all,Canada PHAC CNDSS Annual,https://diseases.canada.ca/notifiable/extract-dataset,web,all,Canada PHAC CNDSS Annual,https://diseases.canada.ca/notifiable/extract-dataset,web
country,ca,ca,Canada,source_series_observation,CA,Canada,D002,Cholera,霍乱,Bacterial,1938-01-01,1938-01,0,0,,,,,,SER_CA_PHAC_CNDSS_D21_ANNUAL,SER_CA_PHAC_CNDSS_D21_ANNUAL,SRC_CA_PHAC_CNDSS,Cholera,case_notifications,provincial_territorial_voluntary_notifications_national,annual,count,country:CA:national,all,exact,conditional,non_additive,active,missing_is_unknown,CNDSS_NATIONAL_ANNUAL_2026_08,PHAC CNDSS national annual reported count assembled from voluntary provincial and territorial submissions. Disease-specific reporting coverage and definitions vary over time; null cells are unknown and explicit zeroes are retained.,,raw,True,series_registry,single_series,parity,,SER_CA_PHAC_CNDSS_D21_ANNUAL,1,The public curve is read directly from one registered source series.,all,Canada PHAC CNDSS Annual,https://diseases.canada.ca/notifiable/extract-dataset,web,all,Canada PHAC CNDSS Annual,https://diseases.canada.ca/notifiable/extract-dataset,web
country,ca,ca,Canada,public_projection,CA,Canada,D007,Hepatitis A,甲型肝炎,Viral,1938-01-01,1938-01,722,722,,,,missing_population,,SER_CA_PHAC_CNDSS_D48_ANNUAL,,,,,,annual,,,,,,,,,,,,,,series_registry,single_series,parity,,SER_CA_PHAC_CNDSS_D48_ANNUAL,1,The public curve is read directly from one registered source series.,all,Canada PHAC CNDSS Annual,https://diseases.canada.ca/notifiable/extract-dataset,web,all,Canada PHAC CNDSS Annual,https://diseases.canada.ca/notifiable/extract-dataset,web
country,ca,ca,Canada,source_series_observation,CA,Canada,D007,Hepatitis A,甲型肝炎,Viral,1938-01-01,1938-01,722,722,,,,,,SER_CA_PHAC_CNDSS_D48_ANNUAL,SER_CA_PHAC_CNDSS_D48_ANNUAL,SRC_CA_PHAC_CNDSS,Hepatitis A,case_notifications,provincial_territorial_voluntary_notifications_national,annual,count,country:CA:national,all,exact,conditional,non_additive,active,missing_is_unknown,CNDSS_NATIONAL_ANNUAL_2026_08,PHAC CNDSS national annual reported count assembled from voluntary provincial and territorial submissions. Disease-specific reporting coverage and definitions vary over time; null cells are unknown and explicit zeroes are retained.,,raw,True,series_registry,single_series,parity,,SER_CA_PHAC_CNDSS_D48_ANNUAL,1,The public curve is read directly from one registered source series.,all,Canada PHAC CNDSS Annual,https://diseases.canada.ca/notifiable/extract-dataset,web,all,Canada PHAC CNDSS Annual,https://diseases.canada.ca/notifiable/extract-dataset,web
country,ca,ca,Canada,public_projection,CA,Canada,D013,Poliomyelitis,脊髓灰质炎,Viral,1938-01-01,1938-01,577,577,,,,missing_population,,SER_CA_PHAC_CNDSS_D94_ANNUAL,,,,,,annual,,,,,,,,,,,,,,series_registry,single_series,parity,,SER_CA_PHAC_CNDSS_D94_ANNUAL,1,The public curve is read directly from one registered source series.,all,Canada PHAC CNDSS Annual,https://diseases.canada.ca/notifiable/extract-dataset,web,all,Canada PHAC CNDSS Annual,https://diseases.canada.ca/notifiable/extract-dataset,web
country,ca,ca,Canada,source_series_observation,CA,Canada,D013,Poliomyelitis,脊髓灰质炎,Viral,1938-01-01,1938-01,577,577,,,,,,SER_CA_PHAC_CNDSS_D94_ANNUAL,SER_CA_PHAC_CNDSS_D94_ANNUAL,SRC_CA_PHAC_CNDSS,Poliomyelitis,case_notifications,provincial_territorial_voluntary_notifications_national,annual,count,country:CA:national,all,exact,conditional,non_additive,active,missing_is_unknown,CNDSS_NATIONAL_ANNUAL_2026_08,PHAC CNDSS national annual reported count assembled from voluntary provincial and territorial submissions. Disease-specific reporting coverage and definitions vary over time; null cells are unknown and explicit zeroes are retained.,,raw,True,series_registry,single_series,parity,,SER_CA_PHAC_CNDSS_D94_ANNUAL,1,The public curve is read directly from one registered source series.,all,Canada PHAC CNDSS Annual,https://diseases.canada.ca/notifiable/extract-dataset,web,all,Canada PHAC CNDSS Annual,https://diseases.canada.ca/notifiable/extract-dataset,web
country,ca,ca,Canada,public_projection,CA,Canada,D017,Measles,麻疹,Viral,1938-01-01,1938-01,26328,26328,,,,missing_population,,SER_CA_PHAC_CNDSS_D70_ANNUAL,,,,,,annual,,,,,,,,,,,,,,series_registry,single_series,parity,,SER_CA_PHAC_CNDSS_D70_ANNUAL,1,The public curve is read directly from one registered source series.,all,Canada PHAC CNDSS Annual,https://diseases.canada.ca/notifiable/extract-dataset,web,all,Canada PHAC CNDSS Annual,https://diseases.canada.ca/notifiable/extract-dataset,web
country,ca,ca,Canada,source_series_observation,CA,Canada,D017,Measles,麻疹,Viral,1938-01-01,1938-01,26328,26328,,,,,,SER_CA_PHAC_CNDSS_D70_ANNUAL,SER_CA_PHAC_CNDSS_D70_ANNUAL,SRC_CA_PHAC_CNDSS,Measles,case_notifications,provincial_territorial_voluntary_notifications_national,annual,count,country:CA:national,all,exact,conditional,non_additive,active,missing_is_unknown,CNDSS_NATIONAL_ANNUAL_2026_08,PHAC CNDSS national annual reported count assembled from voluntary provincial and territorial submissions. Disease-specific reporting coverage and definitions vary over time; null cells are unknown and explicit zeroes are retained.,,raw,True,series_registry,single_series,parity,,SER_CA_PHAC_CNDSS_D70_ANNUAL,1,The public curve is read directly from one registered source series.,all,Canada PHAC CNDSS Annual,https://diseases.canada.ca/notifiable/extract-dataset,web,all,Canada PHAC CNDSS Annual,https://diseases.canada.ca/notifiable/extract-dataset,web
country,ca,ca,Canada,public_projection,CA,Canada,D019,Rabies,狂犬病,Viral,1938-01-01,1938-01,0,0,,,,missing_population,,SER_CA_PHAC_CNDSS_D98_ANNUAL,,,,,,annual,,,,,,,,,,,,,,series_registry,single_series,parity,,SER_CA_PHAC_CNDSS_D98_ANNUAL,1,The public curve is read directly from one registered source series.,all,Canada PHAC CNDSS Annual,https://diseases.canada.ca/notifiable/extract-dataset,web,all,Canada PHAC CNDSS Annual,https://diseases.canada.ca/notifiable/extract-dataset,web
country,ca,ca,Canada,source_series_observation,CA,Canada,D019,Rabies,狂犬病,Viral,1938-01-01,1938-01,0,0,,,,,,SER_CA_PHAC_CNDSS_D98_ANNUAL,SER_CA_PHAC_CNDSS_D98_ANNUAL,SRC_CA_PHAC_CNDSS,Rabies,case_notifications,provincial_territorial_voluntary_notifications_national,annual,count,country:CA:national,all,exact,conditional,non_additive,active,missing_is_unknown,CNDSS_NATIONAL_ANNUAL_2026_08,PHAC CNDSS national annual reported count assembled from voluntary provincial and territorial submissions. Disease-specific reporting coverage and definitions vary over time; null cells are unknown and explicit zeroes are retained.,,raw,True,series_registry,single_series,parity,,SER_CA_PHAC_CNDSS_D98_ANNUAL,1,The public curve is read directly from one registered source series.,all,Canada PHAC CNDSS Annual,https://diseases.canada.ca/notifiable/extract-dataset,web,all,Canada PHAC CNDSS Annual,https://diseases.canada.ca/notifiable/extract-dataset,web
country,ca,ca,Canada,public_projection,CA,Canada,D023,Anthrax,炭疽,Bacterial,1938-01-01,1938-01,1,1,,,,missing_population,,SER_CA_PHAC_CNDSS_D6_ANNUAL,,,,,,annual,,,,,,,,,,,,,,series_registry,single_series,parity,,SER_CA_PHAC_CNDSS_D6_ANNUAL,1,The public curve is read directly from one registered source series.,all,Canada PHAC CNDSS Annual,https://diseases.canada.ca/notifiable/extract-dataset,web,all,Canada PHAC CNDSS Annual,https://diseases.canada.ca/notifiable/extract-dataset,web
country,ca,ca,Canada,source_series_observation,CA,Canada,D023,Anthrax,炭疽,Bacterial,1938-01-01,1938-01,1,1,,,,,,SER_CA_PHAC_CNDSS_D6_ANNUAL,SER_CA_PHAC_CNDSS_D6_ANNUAL,SRC_CA_PHAC_CNDSS,Anthrax,case_notifications,provincial_territorial_voluntary_notifications_national,annual,count,country:CA:national,all,exact,conditional,non_additive,active,missing_is_unknown,CNDSS_NATIONAL_ANNUAL_2026_08,PHAC CNDSS national annual reported count assembled from voluntary provincial and territorial submissions. Disease-specific reporting coverage and definitions vary over time; null cells are unknown and explicit zeroes are retained.,,raw,True,series_registry,single_series,parity,,SER_CA_PHAC_CNDSS_D6_ANNUAL,1,The public curve is read directly from one registered source series.,all,Canada PHAC CNDSS Annual,https://diseases.canada.ca/notifiable/extract-dataset,web,all,Canada PHAC CNDSS Annual,https://diseases.canada.ca/notifiable/extract-dataset,web
country,ca,ca,Canada,public_projection,CA,Canada,D025,Tuberculosis,肺结核,Bacterial,1938-01-01,1938-01,8936,8936,,,,missing_population,,SER_CA_PHAC_CNDSS_D119_ANNUAL,,,,,,annual,,,,,,,,,,,,,,series_registry,single_series,parity,,SER_CA_PHAC_CNDSS_D119_ANNUAL,1,The public curve is read directly from one registered source series.,all,Canada PHAC CNDSS Annual,https://diseases.canada.ca/notifiable/extract-dataset,web,all,Canada PHAC CNDSS Annual,https://diseases.canada.ca/notifiable/extract-dataset,web
country,ca,ca,Canada,source_series_observation,CA,Canada,D025,Tuberculosis,肺结核,Bacterial,1938-01-01,1938-01,8936,8936,,,,,,SER_CA_PHAC_CNDSS_D119_ANNUAL,SER_CA_PHAC_CNDSS_D119_ANNUAL,SRC_CA_PHAC_CNDSS,Tuberculosis,case_notifications,provincial_territorial_voluntary_notifications_national,annual,count,country:CA:national,all,exact,conditional,non_additive,active,missing_is_unknown,CNDSS_NATIONAL_ANNUAL_2026_08,PHAC CNDSS national annual reported count assembled from voluntary provincial and territorial submissions. Disease-specific reporting coverage and definitions vary over time; null cells are unknown and explicit zeroes are retained.,,raw,True,series_registry,single_series,parity,,SER_CA_PHAC_CNDSS_D119_ANNUAL,1,The public curve is read directly from one registered source series.,all,Canada PHAC CNDSS Annual,https://diseases.canada.ca/notifiable/extract-dataset,web,all,Canada PHAC CNDSS Annual,https://diseases.canada.ca/notifiable/extract-dataset,web
country,ca,ca,Canada,public_projection,CA,Canada,D028,Pertussis,百日咳,Bacterial,1938-01-01,1938-01,16003,16003,,,,missing_population,,SER_CA_PHAC_CNDSS_D85_ANNUAL,,,,,,annual,,,,,,,,,,,,,,series_registry,single_series,parity,,SER_CA_PHAC_CNDSS_D85_ANNUAL,1,The public curve is read directly from one registered source series.,all,Canada PHAC CNDSS Annual,https://diseases.canada.ca/notifiable/extract-dataset,web,all,Canada PHAC CNDSS Annual,https://diseases.canada.ca/notifiable/extract-dataset,web
country,ca,ca,Canada,source_series_observation,CA,Canada,D028,Pertussis,百日咳,Bacterial,1938-01-01,1938-01,16003,16003,,,,,,SER_CA_PHAC_CNDSS_D85_ANNUAL,SER_CA_PHAC_CNDSS_D85_ANNUAL,SRC_CA_PHAC_CNDSS,Pertussis,case_notifications,provincial_territorial_voluntary_notifications_national,annual,count,country:CA:national,all,exact,conditional,non_additive,active,missing_is_unknown,CNDSS_NATIONAL_ANNUAL_2026_08,PHAC CNDSS national annual reported count assembled from voluntary provincial and territorial submissions. Disease-specific reporting coverage and definitions vary over time; null cells are unknown and explicit zeroes are retained.,,raw,True,series_registry,single_series,parity,,SER_CA_PHAC_CNDSS_D85_ANNUAL,1,The public curve is read directly from one registered source series.,all,Canada PHAC CNDSS Annual,https://diseases.canada.ca/notifiable/extract-dataset,web,all,Canada PHAC CNDSS Annual,https://diseases.canada.ca/notifiable/extract-dataset,web
country,ca,ca,Canada,public_projection,CA,Canada,D029,Diphtheria,白喉,Bacterial,1938-01-01,1938-01,3676,3676,,,,missing_population,,SER_CA_PHAC_CNDSS_D32_ANNUAL,,,,,,annual,,,,,,,,,,,,,,series_registry,single_series,parity,,SER_CA_PHAC_CNDSS_D32_ANNUAL,1,The public curve is read directly from one registered source series.,all,Canada PHAC CNDSS Annual,https://diseases.canada.ca/notifiable/extract-dataset,web,all,Canada PHAC CNDSS Annual,https://diseases.canada.ca/notifiable/extract-dataset,web
country,ca,ca,Canada,source_series_observation,CA,Canada,D029,Diphtheria,白喉,Bacterial,1938-01-01,1938-01,3676,3676,,,,,,SER_CA_PHAC_CNDSS_D32_ANNUAL,SER_CA_PHAC_CNDSS_D32_ANNUAL,SRC_CA_PHAC_CNDSS,Diphtheria,case_notifications,provincial_territorial_voluntary_notifications_national,annual,count,country:CA:national,all,exact,conditional,non_additive,active,missing_is_unknown,CNDSS_NATIONAL_ANNUAL_2026_08,PHAC CNDSS national annual reported count assembled from voluntary provincial and territorial submissions. Disease-specific reporting coverage and definitions vary over time; null cells are unknown and explicit zeroes are retained.,,raw,True,series_registry,single_series,parity,,SER_CA_PHAC_CNDSS_D32_ANNUAL,1,The public curve is read directly from one registered source series.,all,Canada PHAC CNDSS Annual,https://diseases.canada.ca/notifiable/extract-dataset,web,all,Canada PHAC CNDSS Annual,https://diseases.canada.ca/notifiable/extract-dataset,web
country,ca,ca,Canada,public_projection,CA,Canada,D032,Brucellosis,布鲁氏菌病,Bacterial,1938-01-01,1938-01,171,171,,,,missing_population,,SER_CA_PHAC_CNDSS_D15_ANNUAL,,,,,,annual,,,,,,,,,,,,,,series_registry,single_series,parity,,SER_CA_PHAC_CNDSS_D15_ANNUAL,1,The public curve is read directly from one registered source series.,all,Canada PHAC CNDSS Annual,https://diseases.canada.ca/notifiable/extract-dataset,web,all,Canada PHAC CNDSS Annual,https://diseases.canada.ca/notifiable/extract-dataset,web
country,ca,ca,Canada,source_series_observation,CA,Canada,D032,Brucellosis,布鲁氏菌病,Bacterial,1938-01-01,1938-01,171,171,,,,,,SER_CA_PHAC_CNDSS_D15_ANNUAL,SER_CA_PHAC_CNDSS_D15_ANNUAL,SRC_CA_PHAC_CNDSS,Brucellosis,case_notifications,provincial_territorial_voluntary_notifications_national,annual,count,country:CA:national,all,exact,conditional,non_additive,active,missing_is_unknown,CNDSS_NATIONAL_ANNUAL_2026_08,PHAC CNDSS national annual reported count assembled from voluntary provincial and territorial submissions. Disease-specific reporting coverage and definitions vary over time; null cells are unknown and explicit zeroes are retained.,,raw,True,series_registry,single_series,parity,,SER_CA_PHAC_CNDSS_D15_ANNUAL,1,The public curve is read directly from one registered source series.,all,Canada PHAC CNDSS Annual,https://diseases.canada.ca/notifiable/extract-dataset,web,all,Canada PHAC CNDSS Annual,https://diseases.canada.ca/notifiable/extract-dataset,web
country,ca,ca,Canada,public_projection,CA,Canada,D033,Gonorrhea,淋病,Bacterial,1938-01-01,1938-01,4280,4280,,,,missing_population,,SER_CA_PHAC_CNDSS_D45_ANNUAL,,,,,,annual,,,,,,,,,,,,,,series_registry,single_series,parity,,SER_CA_PHAC_CNDSS_D45_ANNUAL,1,The public curve is read directly from one registered source series.,all,Canada PHAC CNDSS Annual,https://diseases.canada.ca/notifiable/extract-dataset,web,all,Canada PHAC CNDSS Annual,https://diseases.canada.ca/notifiable/extract-dataset,web
country,ca,ca,Canada,source_series_observation,CA,Canada,D033,Gonorrhea,淋病,Bacterial,1938-01-01,1938-01,4280,4280,,,,,,SER_CA_PHAC_CNDSS_D45_ANNUAL,SER_CA_PHAC_CNDSS_D45_ANNUAL,SRC_CA_PHAC_CNDSS,Gonorrhea,case_notifications,provincial_territorial_voluntary_notifications_national,annual,count,country:CA:national,all,exact,conditional,non_additive,active,missing_is_unknown,CNDSS_NATIONAL_ANNUAL_2026_08,PHAC CNDSS national annual reported count assembled from voluntary provincial and territorial submissions. Disease-specific reporting coverage and definitions vary over time; null cells are unknown and explicit zeroes are retained.,,raw,True,series_registry,single_series,parity,,SER_CA_PHAC_CNDSS_D45_ANNUAL,1,The public curve is read directly from one registered source series.,all,Canada PHAC CNDSS Annual,https://diseases.canada.ca/notifiable/extract-dataset,web,all,Canada PHAC CNDSS Annual,https://diseases.canada.ca/notifiable/extract-dataset,web
country,ca,ca,Canada,public_projection,CA,Canada,D034,Syphilis,梅毒,Bacterial,1938-01-01,1938-01,3054,3054,,,,missing_population,,SER_CA_PHAC_CNDSS_D117_ANNUAL,,,,,,annual,,,,,,,,,,,,,,series_registry,single_series,parity,,SER_CA_PHAC_CNDSS_D117_ANNUAL,1,The public curve is read directly from one registered source series.,all,Canada PHAC CNDSS Annual,https://diseases.canada.ca/notifiable/extract-dataset,web,all,Canada PHAC CNDSS Annual,https://diseases.canada.ca/notifiable/extract-dataset,web
country,ca,ca,Canada,source_series_observation,CA,Canada,D034,Syphilis,梅毒,Bacterial,1938-01-01,1938-01,3054,3054,,,,,,SER_CA_PHAC_CNDSS_D117_ANNUAL,SER_CA_PHAC_CNDSS_D117_ANNUAL,SRC_CA_PHAC_CNDSS,Syphilis,case_notifications,provincial_territorial_voluntary_notifications_national,annual,count,country:CA:national,all,exact,conditional,non_additive,active,missing_is_unknown,CNDSS_NATIONAL_ANNUAL_2026_08,PHAC CNDSS national annual reported count assembled from voluntary provincial and territorial submissions. Disease-specific reporting coverage and definitions vary over time; null cells are unknown and explicit zeroes are retained.,,raw,True,series_registry,single_series,parity,,SER_CA_PHAC_CNDSS_D117_ANNUAL,1,The public curve is read directly from one registered source series.,all,Canada PHAC CNDSS Annual,https://diseases.canada.ca/notifiable/extract-dataset,web,all,Canada PHAC CNDSS Annual,https://diseases.canada.ca/notifiable/extract-dataset,web
country,ca,ca,Canada,public_projection,CA,Canada,D037,Malaria,疟疾,Parasitic,1938-01-01,1938-01,6,6,,,,missing_population,,SER_CA_PHAC_CNDSS_D69_ANNUAL,,,,,,annual,,,,,,,,,,,,,,series_registry,single_series,parity,,SER_CA_PHAC_CNDSS_D69_ANNUAL,1,The public curve is read directly from one registered source series.,all,Canada PHAC CNDSS Annual,https://diseases.canada.ca/notifiable/extract-dataset,web,all,Canada PHAC CNDSS Annual,https://diseases.canada.ca/notifiable/extract-dataset,web
country,ca,ca,Canada,source_series_observation,CA,Canada,D037,Malaria,疟疾,Parasitic,1938-01-01,1938-01,6,6,,,,,,SER_CA_PHAC_CNDSS_D69_ANNUAL,SER_CA_PHAC_CNDSS_D69_ANNUAL,SRC_CA_PHAC_CNDSS,Malaria,case_notifications,provincial_territorial_voluntary_notifications_national,annual,count,country:CA:national,all,exact,conditional,non_additive,active,missing_is_unknown,CNDSS_NATIONAL_ANNUAL_2026_08,PHAC CNDSS national annual reported count assembled from voluntary provincial and territorial submissions. Disease-specific reporting coverage and definitions vary over time; null cells are unknown and explicit zeroes are retained.,,raw,True,series_registry,single_series,parity,,SER_CA_PHAC_CNDSS_D69_ANNUAL,1,The public curve is read directly from one registered source series.,all,Canada PHAC CNDSS Annual,https://diseases.canada.ca/notifiable/extract-dataset,web,all,Canada PHAC CNDSS Annual,https://diseases.canada.ca/notifiable/extract-dataset,web
country,ca,ca,Canada,public_projection,CA,Canada,D038,Influenza,流行性感冒,Viral,1938-01-01,1938-01,2226,2226,,,,missing_population,,SER_CA_PHAC_CNDSS_D958_ANNUAL,,,,,,annual,,,,,,,,,,,,,,series_registry,single_series,parity,,SER_CA_PHAC_CNDSS_D958_ANNUAL,1,The public curve is read directly from one registered source series.,all,Canada PHAC CNDSS Annual,https://diseases.canada.ca/notifiable/extract-dataset,web,all,Canada PHAC CNDSS Annual,https://diseases.canada.ca/notifiable/extract-dataset,web
country,ca,ca,Canada,source_series_observation,CA,Canada,D038,Influenza,流行性感冒,Viral,1938-01-01,1938-01,2226,2226,,,,,,SER_CA_PHAC_CNDSS_D958_ANNUAL,SER_CA_PHAC_CNDSS_D958_ANNUAL,SRC_CA_PHAC_CNDSS,"Influenza, Epidemic",case_notifications,provincial_territorial_voluntary_notifications_national,annual,count,country:CA:national,all,exact,conditional,non_additive,active,missing_is_unknown,CNDSS_NATIONAL_ANNUAL_2026_08,PHAC CNDSS national annual reported count assembled from voluntary provincial and territorial submissions. Disease-specific reporting coverage and definitions vary over time; null cells are unknown and explicit zeroes are retained.,,raw,True,series_registry,single_series,parity,,SER_CA_PHAC_CNDSS_D958_ANNUAL,1,The public curve is read directly from one registered source series.,all,Canada PHAC CNDSS Annual,https://diseases.canada.ca/notifiable/extract-dataset,web,all,Canada PHAC CNDSS Annual,https://diseases.canada.ca/notifiable/extract-dataset,web
country,ca,ca,Canada,public_projection,CA,Canada,D039,Mumps,流行性腮腺炎,Viral,1938-01-01,1938-01,8401,8401,,,,missing_population,,SER_CA_PHAC_CNDSS_D78_ANNUAL,,,,,,annual,,,,,,,,,,,,,,series_registry,single_series,parity,,SER_CA_PHAC_CNDSS_D78_ANNUAL,1,The public curve is read directly from one registered source series.,all,Canada PHAC CNDSS Annual,https://diseases.canada.ca/notifiable/extract-dataset,web,all,Canada PHAC CNDSS Annual,https://diseases.canada.ca/notifiable/extract-dataset,web
country,ca,ca,Canada,source_series_observation,CA,Canada,D039,Mumps,流行性腮腺炎,Viral,1938-01-01,1938-01,8401,8401,,,,,,SER_CA_PHAC_CNDSS_D78_ANNUAL,SER_CA_PHAC_CNDSS_D78_ANNUAL,SRC_CA_PHAC_CNDSS,Mumps,case_notifications,provincial_territorial_voluntary_notifications_national,annual,count,country:CA:national,all,exact,conditional,non_additive,active,missing_is_unknown,CNDSS_NATIONAL_ANNUAL_2026_08,PHAC CNDSS national annual reported count assembled from voluntary provincial and territorial submissions. Disease-specific reporting coverage and definitions vary over time; null cells are unknown and explicit zeroes are retained.,,raw,True,series_registry,single_series,parity,,SER_CA_PHAC_CNDSS_D78_ANNUAL,1,The public curve is read directly from one registered source series.,all,Canada PHAC CNDSS Annual,https://diseases.canada.ca/notifiable/extract-dataset,web,all,Canada PHAC CNDSS Annual,https://diseases.canada.ca/notifiable/extract-dataset,web
country,ca,ca,Canada,public_projection,CA,Canada,D040,Rubella,风疹,Viral,1938-01-01,1938-01,1618,1618,,,,missing_population,,SER_CA_PHAC_CNDSS_D106_ANNUAL,,,,,,annual,,,,,,,,,,,,,,series_registry,single_series,parity,,SER_CA_PHAC_CNDSS_D106_ANNUAL,1,The public curve is read directly from one registered source series.,all,Canada PHAC CNDSS Annual,https://diseases.canada.ca/notifiable/extract-dataset,web,all,Canada PHAC CNDSS Annual,https://diseases.canada.ca/notifiable/extract-dataset,web
country,ca,ca,Canada,source_series_observation,CA,Canada,D040,Rubella,风疹,Viral,1938-01-01,1938-01,1618,1618,,,,,,SER_CA_PHAC_CNDSS_D106_ANNUAL,SER_CA_PHAC_CNDSS_D106_ANNUAL,SRC_CA_PHAC_CNDSS,Rubella,case_notifications,provincial_territorial_voluntary_notifications_national,annual,count,country:CA:national,all,exact,conditional,non_additive,active,missing_is_unknown,CNDSS_NATIONAL_ANNUAL_2026_08,PHAC CNDSS national annual reported count assembled from voluntary provincial and territorial submissions. Disease-specific reporting coverage and definitions vary over time; null cells are unknown and explicit zeroes are retained.,,raw,True,series_registry,single_series,parity,,SER_CA_PHAC_CNDSS_D106_ANNUAL,1,The public curve is read directly from one registered source series.,all,Canada PHAC CNDSS Annual,https://diseases.canada.ca/notifiable/extract-dataset,web,all,Canada PHAC CNDSS Annual,https://diseases.canada.ca/notifiable/extract-dataset,web
country,ca,ca,Canada,public_projection,CA,Canada,D042,Leprosy,麻风病,Bacterial,1938-01-01,1938-01,1,1,,,,missing_population,,SER_CA_PHAC_CNDSS_D64_ANNUAL,,,,,,annual,,,,,,,,,,,,,,series_registry,single_series,parity,,SER_CA_PHAC_CNDSS_D64_ANNUAL,1,The public curve is read directly from one registered source series.,all,Canada PHAC CNDSS Annual,https://diseases.canada.ca/notifiable/extract-dataset,web,all,Canada PHAC CNDSS Annual,https://diseases.canada.ca/notifiable/extract-dataset,web
country,ca,ca,Canada,source_series_observation,CA,Canada,D042,Leprosy,麻风病,Bacterial,1938-01-01,1938-01,1,1,,,,,,SER_CA_PHAC_CNDSS_D64_ANNUAL,SER_CA_PHAC_CNDSS_D64_ANNUAL,SRC_CA_PHAC_CNDSS,Leprosy,case_notifications,provincial_territorial_voluntary_notifications_national,annual,count,country:CA:national,all,exact,conditional,non_additive,active,missing_is_unknown,CNDSS_NATIONAL_ANNUAL_2026_08,PHAC CNDSS national annual reported count assembled from voluntary provincial and territorial submissions. Disease-specific reporting coverage and definitions vary over time; null cells are unknown and explicit zeroes are retained.,,raw,True,series_registry,single_series,parity,,SER_CA_PHAC_CNDSS_D64_ANNUAL,1,The public curve is read directly from one registered source series.,all,Canada PHAC CNDSS Annual,https://diseases.canada.ca/notifiable/extract-dataset,web,all,Canada PHAC CNDSS Annual,https://diseases.canada.ca/notifiable/extract-dataset,web
country,ca,ca,Canada,public_projection,CA,Canada,D054,Varicella,水痘,Viral,1938-01-01,1938-01,26978,26978,,,,missing_population,,SER_CA_PHAC_CNDSS_D20_ANNUAL,,,,,,annual,,,,,,,,,,,,,,series_registry,single_series,parity,,SER_CA_PHAC_CNDSS_D20_ANNUAL,1,The public curve is read directly from one registered source series.,all,Canada PHAC CNDSS Annual,https://diseases.canada.ca/notifiable/extract-dataset,web,all,Canada PHAC CNDSS Annual,https://diseases.canada.ca/notifiable/extract-dataset,web
country,ca,ca,Canada,source_series_observation,CA,Canada,D054,Varicella,水痘,Viral,1938-01-01,1938-01,26978,26978,,,,,,SER_CA_PHAC_CNDSS_D20_ANNUAL,SER_CA_PHAC_CNDSS_D20_ANNUAL,SRC_CA_PHAC_CNDSS,Chickenpox,case_notifications,provincial_territorial_voluntary_notifications_national,annual,count,country:CA:national,all,exact,conditional,non_additive,active,missing_is_unknown,CNDSS_NATIONAL_ANNUAL_2026_08,PHAC CNDSS national annual reported count assembled from voluntary provincial and territorial submissions. Disease-specific reporting coverage and definitions vary over time; null cells are unknown and explicit zeroes are retained.,,raw,True,series_registry,single_series,parity,,SER_CA_PHAC_CNDSS_D20_ANNUAL,1,The public curve is read directly from one registered source series.,all,Canada PHAC CNDSS Annual,https://diseases.canada.ca/notifiable/extract-dataset,web,all,Canada PHAC CNDSS Annual,https://diseases.canada.ca/notifiable/extract-dataset,web
country,ca,ca,Canada,public_projection,CA,Canada,D059,Yellow fever,黄热病,Viral,1938-01-01,1938-01,0,0,,,,missing_population,,SER_CA_PHAC_CNDSS_D134_ANNUAL,,,,,,annual,,,,,,,,,,,,,,series_registry,single_series,parity,,SER_CA_PHAC_CNDSS_D134_ANNUAL,1,The public curve is read directly from one registered source series.,all,Canada PHAC CNDSS Annual,https://diseases.canada.ca/notifiable/extract-dataset,web,all,Canada PHAC CNDSS Annual,https://diseases.canada.ca/notifiable/extract-dataset,web
country,ca,ca,Canada,source_series_observation,CA,Canada,D059,Yellow fever,黄热病,Viral,1938-01-01,1938-01,0,0,,,,,,SER_CA_PHAC_CNDSS_D134_ANNUAL,SER_CA_PHAC_CNDSS_D134_ANNUAL,SRC_CA_PHAC_CNDSS,Yellow Fever,case_notifications,provincial_territorial_voluntary_notifications_national,annual,count,country:CA:national,all,exact,conditional,non_additive,active,missing_is_unknown,CNDSS_NATIONAL_ANNUAL_2026_08,PHAC CNDSS national annual reported count assembled from voluntary provincial and territorial submissions. Disease-specific reporting coverage and definitions vary over time; null cells are unknown and explicit zeroes are retained.,,raw,True,series_registry,single_series,parity,,SER_CA_PHAC_CNDSS_D134_ANNUAL,1,The public curve is read directly from one registered source series.,all,Canada PHAC CNDSS Annual,https://diseases.canada.ca/notifiable/extract-dataset,web,all,Canada PHAC CNDSS Annual,https://diseases.canada.ca/notifiable/extract-dataset,web
country,ca,ca,Canada,public_projection,CA,Canada,D064,Smallpox,天花,,1938-01-01,1938-01,120,120,,,,missing_population,,SER_CA_PHAC_CNDSS_D112_ANNUAL,,,,,,annual,,,,,,,,,,,,,,series_registry,single_series,parity,,SER_CA_PHAC_CNDSS_D112_ANNUAL,1,The public curve is read directly from one registered source series.,all,Canada PHAC CNDSS Annual,https://diseases.canada.ca/notifiable/extract-dataset,web,all,Canada PHAC CNDSS Annual,https://diseases.canada.ca/notifiable/extract-dataset,web
country,ca,ca,Canada,source_series_observation,CA,Canada,D064,Smallpox,天花,,1938-01-01,1938-01,120,120,,,,,,SER_CA_PHAC_CNDSS_D112_ANNUAL,SER_CA_PHAC_CNDSS_D112_ANNUAL,SRC_CA_PHAC_CNDSS,Smallpox,case_notifications,provincial_territorial_voluntary_notifications_national,annual,count,country:CA:national,all,exact,conditional,non_additive,active,missing_is_unknown,CNDSS_NATIONAL_ANNUAL_2026_08,PHAC CNDSS national annual reported count assembled from voluntary provincial and territorial submissions. Disease-specific reporting coverage and definitions vary over time; null cells are unknown and explicit zeroes are retained.,,raw,True,series_registry,single_series,parity,,SER_CA_PHAC_CNDSS_D112_ANNUAL,1,The public curve is read directly from one registered source series.,all,Canada PHAC CNDSS Annual,https://diseases.canada.ca/notifiable/extract-dataset,web,all,Canada PHAC CNDSS Annual,https://diseases.canada.ca/notifiable/extract-dataset,web
country,ca,ca,Canada,public_projection,CA,Canada,D091,Botulism,肉毒杆菌中毒,Bacterial,1938-01-01,1938-01,0,0,,,,missing_population,,SER_CA_PHAC_CNDSS_D13_ANNUAL,,,,,,annual,,,,,,,,,,,,,,series_registry,single_series,parity,,SER_CA_PHAC_CNDSS_D13_ANNUAL,1,The public curve is read directly from one registered source series.,all,Canada PHAC CNDSS Annual,https://diseases.canada.ca/notifiable/extract-dataset,web,all,Canada PHAC CNDSS Annual,https://diseases.canada.ca/notifiable/extract-dataset,web
country,ca,ca,Canada,source_series_observation,CA,Canada,D091,Botulism,肉毒杆菌中毒,Bacterial,1938-01-01,1938-01,0,0,,,,,,SER_CA_PHAC_CNDSS_D13_ANNUAL,SER_CA_PHAC_CNDSS_D13_ANNUAL,SRC_CA_PHAC_CNDSS,Botulism,case_notifications,provincial_territorial_voluntary_notifications_national,annual,count,country:CA:national,all,exact,conditional,non_additive,active,missing_is_unknown,CNDSS_NATIONAL_ANNUAL_2026_08,PHAC CNDSS national annual reported count assembled from voluntary provincial and territorial submissions. Disease-specific reporting coverage and definitions vary over time; null cells are unknown and explicit zeroes are retained.,,raw,True,series_registry,single_series,parity,,SER_CA_PHAC_CNDSS_D13_ANNUAL,1,The public curve is read directly from one registered source series.,all,Canada PHAC CNDSS Annual,https://diseases.canada.ca/notifiable/extract-dataset,web,all,Canada PHAC CNDSS Annual,https://diseases.canada.ca/notifiable/extract-dataset,web
country,ca,ca,Canada,public_projection,CA,Canada,D105,Shigellosis,志贺菌病,Bacterial,1938-01-01,1938-01,74,74,,,,missing_population,,SER_CA_PHAC_CNDSS_D111_ANNUAL,,,,,,annual,,,,,,,,,,,,,,series_registry,single_series,parity,,SER_CA_PHAC_CNDSS_D111_ANNUAL,1,The public curve is read directly from one registered source series.,all,Canada PHAC CNDSS Annual,https://diseases.canada.ca/notifiable/extract-dataset,web,all,Canada PHAC CNDSS Annual,https://diseases.canada.ca/notifiable/extract-dataset,web
country,ca,ca,Canada,source_series_observation,CA,Canada,D105,Shigellosis,志贺菌病,Bacterial,1938-01-01,1938-01,74,74,,,,,,SER_CA_PHAC_CNDSS_D111_ANNUAL,SER_CA_PHAC_CNDSS_D111_ANNUAL,SRC_CA_PHAC_CNDSS,Shigellosis,case_notifications,provincial_territorial_voluntary_notifications_national,annual,count,country:CA:national,all,exact,conditional,non_additive,active,missing_is_unknown,CNDSS_NATIONAL_ANNUAL_2026_08,PHAC CNDSS national annual reported count assembled from voluntary provincial and territorial submissions. Disease-specific reporting coverage and definitions vary over time; null cells are unknown and explicit zeroes are retained.,,raw,True,series_registry,single_series,parity,,SER_CA_PHAC_CNDSS_D111_ANNUAL,1,The public curve is read directly from one registered source series.,all,Canada PHAC CNDSS Annual,https://diseases.canada.ca/notifiable/extract-dataset,web,all,Canada PHAC CNDSS Annual,https://diseases.canada.ca/notifiable/extract-dataset,web
country,ca,ca,Canada,public_projection,CA,Canada,D110,Meningococcal disease,脑膜炎球菌病,Bacterial,1938-01-01,1938-01,178,178,,,,missing_population,,SER_CA_PHAC_CNDSS_D74_ANNUAL,,,,,,annual,,,,,,,,,,,,,,series_registry,single_series,parity,,SER_CA_PHAC_CNDSS_D74_ANNUAL,1,The public curve is read directly from one registered source series.,all,Canada PHAC CNDSS Annual,https://diseases.canada.ca/notifiable/extract-dataset,web,all,Canada PHAC CNDSS Annual,https://diseases.canada.ca/notifiable/extract-dataset,web
country,ca,ca,Canada,source_series_observation,CA,Canada,D110,Meningococcal disease,脑膜炎球菌病,Bacterial,1938-01-01,1938-01,178,178,,,,,,SER_CA_PHAC_CNDSS_D74_ANNUAL,SER_CA_PHAC_CNDSS_D74_ANNUAL,SRC_CA_PHAC_CNDSS,"Meningococcal Disease, Invasive",case_notifications,provincial_territorial_voluntary_notifications_national,annual,count,country:CA:national,all,exact,conditional,non_additive,active,missing_is_unknown,CNDSS_NATIONAL_ANNUAL_2026_08,PHAC CNDSS national annual reported count assembled from voluntary provincial and territorial submissions. Disease-specific reporting coverage and definitions vary over time; null cells are unknown and explicit zeroes are retained.,,raw,True,series_registry,single_series,parity,,SER_CA_PHAC_CNDSS_D74_ANNUAL,1,The public curve is read directly from one registered source series.,all,Canada PHAC CNDSS Annual,https://diseases.canada.ca/notifiable/extract-dataset,web,all,Canada PHAC CNDSS Annual,https://diseases.canada.ca/notifiable/extract-dataset,web
country,ca,ca,Canada,public_projection,CA,Canada,D122,Trichinellosis,旋毛虫病,Parasitic,1938-01-01,1938-01,0,0,,,,missing_population,,SER_CA_PHAC_CNDSS_D123_ANNUAL,,,,,,annual,,,,,,,,,,,,,,series_registry,single_series,parity,,SER_CA_PHAC_CNDSS_D123_ANNUAL,1,The public curve is read directly from one registered source series.,all,Canada PHAC CNDSS Annual,https://diseases.canada.ca/notifiable/extract-dataset,web,all,Canada PHAC CNDSS Annual,https://diseases.canada.ca/notifiable/extract-dataset,web
country,ca,ca,Canada,source_series_observation,CA,Canada,D122,Trichinellosis,旋毛虫病,Parasitic,1938-01-01,1938-01,0,0,,,,,,SER_CA_PHAC_CNDSS_D123_ANNUAL,SER_CA_PHAC_CNDSS_D123_ANNUAL,SRC_CA_PHAC_CNDSS,Trichinosis,case_notifications,provincial_territorial_voluntary_notifications_national,annual,count,country:CA:national,all,exact,conditional,non_additive,active,missing_is_unknown,CNDSS_NATIONAL_ANNUAL_2026_08,PHAC CNDSS national annual reported count assembled from voluntary provincial and territorial submissions. Disease-specific reporting coverage and definitions vary over time; null cells are unknown and explicit zeroes are retained.,,raw,True,series_registry,single_series,parity,,SER_CA_PHAC_CNDSS_D123_ANNUAL,1,The public curve is read directly from one registered source series.,all,Canada PHAC CNDSS Annual,https://diseases.canada.ca/notifiable/extract-dataset,web,all,Canada PHAC CNDSS Annual,https://diseases.canada.ca/notifiable/extract-dataset,web
country,ca,ca,Canada,public_projection,CA,Canada,D123,Tularemia,土拉菌病,Bacterial,1938-01-01,1938-01,1,1,,,,missing_population,,SER_CA_PHAC_CNDSS_D127_ANNUAL,,,,,,annual,,,,,,,,,,,,,,series_registry,single_series,parity,,SER_CA_PHAC_CNDSS_D127_ANNUAL,1,The public curve is read directly from one registered source series.,all,Canada PHAC CNDSS Annual,https://diseases.canada.ca/notifiable/extract-dataset,web,all,Canada PHAC CNDSS Annual,https://diseases.canada.ca/notifiable/extract-dataset,web
country,ca,ca,Canada,source_series_observation,CA,Canada,D123,Tularemia,土拉菌病,Bacterial,1938-01-01,1938-01,1,1,,,,,,SER_CA_PHAC_CNDSS_D127_ANNUAL,SER_CA_PHAC_CNDSS_D127_ANNUAL,SRC_CA_PHAC_CNDSS,Tularemia,case_notifications,provincial_territorial_voluntary_notifications_national,annual,count,country:CA:national,all,exact,conditional,non_additive,active,missing_is_unknown,CNDSS_NATIONAL_ANNUAL_2026_08,PHAC CNDSS national annual reported count assembled from voluntary provincial and territorial submissions. Disease-specific reporting coverage and definitions vary over time; null cells are unknown and explicit zeroes are retained.,,raw,True,series_registry,single_series,parity,,SER_CA_PHAC_CNDSS_D127_ANNUAL,1,The public curve is read directly from one registered source series.,all,Canada PHAC CNDSS Annual,https://diseases.canada.ca/notifiable/extract-dataset,web,all,Canada PHAC CNDSS Annual,https://diseases.canada.ca/notifiable/extract-dataset,web
country,ca,ca,Canada,public_projection,CA,Canada,D124,Typhoid fever,伤寒,Bacterial,1938-01-01,1938-01,1741,1741,,,,missing_population,,SER_CA_PHAC_CNDSS_D129_ANNUAL,,,,,,annual,,,,,,,,,,,,,,series_registry,single_series,parity,,SER_CA_PHAC_CNDSS_D129_ANNUAL,1,The public curve is read directly from one registered source series.,all,Canada PHAC CNDSS Annual,https://diseases.canada.ca/notifiable/extract-dataset,web,all,Canada PHAC CNDSS Annual,https://diseases.canada.ca/notifiable/extract-dataset,web
country,ca,ca,Canada,source_series_observation,CA,Canada,D124,Typhoid fever,伤寒,Bacterial,1938-01-01,1938-01,1741,1741,,,,,,SER_CA_PHAC_CNDSS_D129_ANNUAL,SER_CA_PHAC_CNDSS_D129_ANNUAL,SRC_CA_PHAC_CNDSS,Typhoid Fever,case_notifications,provincial_territorial_voluntary_notifications_national,annual,count,country:CA:national,all,exact,conditional,non_additive,active,missing_is_unknown,CNDSS_NATIONAL_ANNUAL_2026_08,PHAC CNDSS national annual reported count assembled from voluntary provincial and territorial submissions. Disease-specific reporting coverage and definitions vary over time; null cells are unknown and explicit zeroes are retained.,,raw,True,series_registry,single_series,parity,,SER_CA_PHAC_CNDSS_D129_ANNUAL,1,The public curve is read directly from one registered source series.,all,Canada PHAC CNDSS Annual,https://diseases.canada.ca/notifiable/extract-dataset,web,all,Canada PHAC CNDSS Annual,https://diseases.canada.ca/notifiable/extract-dataset,web
country,ca,ca,Canada,public_projection,CA,Canada,D165,Amebiasis,阿米巴病,Parasitic,1938-01-01,1938-01,0,0,,,,missing_population,,SER_CA_PHAC_CNDSS_D2_ANNUAL,,,,,,annual,,,,,,,,,,,,,,series_registry,single_series,parity,,SER_CA_PHAC_CNDSS_D2_ANNUAL,1,The public curve is read directly from one registered source series.,all,Canada PHAC CNDSS Annual,https://diseases.canada.ca/notifiable/extract-dataset,web,all,Canada PHAC CNDSS Annual,https://diseases.canada.ca/notifiable/extract-dataset,web
country,ca,ca,Canada,source_series_observation,CA,Canada,D165,Amebiasis,阿米巴病,Parasitic,1938-01-01,1938-01,0,0,,,,,,SER_CA_PHAC_CNDSS_D2_ANNUAL,SER_CA_PHAC_CNDSS_D2_ANNUAL,SRC_CA_PHAC_CNDSS,Amoebiasis,case_notifications,provincial_territorial_voluntary_notifications_national,annual,count,country:CA:national,all,exact,conditional,non_additive,active,missing_is_unknown,CNDSS_NATIONAL_ANNUAL_2026_08,PHAC CNDSS national annual reported count assembled from voluntary provincial and territorial submissions. Disease-specific reporting coverage and definitions vary over time; null cells are unknown and explicit zeroes are retained.,,raw,True,series_registry,single_series,parity,,SER_CA_PHAC_CNDSS_D2_ANNUAL,1,The public curve is read directly from one registered source series.,all,Canada PHAC CNDSS Annual,https://diseases.canada.ca/notifiable/extract-dataset,web,all,Canada PHAC CNDSS Annual,https://diseases.canada.ca/notifiable/extract-dataset,web
country,ca,ca,Canada,public_projection,CA,Canada,D234,Paratyphoid fever,副伤寒,Bacterial,1938-01-01,1938-01,94,94,,,,missing_population,,SER_CA_PHAC_CNDSS_D83_ANNUAL,,,,,,annual,,,,,,,,,,,,,,series_registry,single_series,parity,,SER_CA_PHAC_CNDSS_D83_ANNUAL,1,The public curve is read directly from one registered source series.,all,Canada PHAC CNDSS Annual,https://diseases.canada.ca/notifiable/extract-dataset,web,all,Canada PHAC CNDSS Annual,https://diseases.canada.ca/notifiable/extract-dataset,web
country,ca,ca,Canada,source_series_observation,CA,Canada,D234,Paratyphoid fever,副伤寒,Bacterial,1938-01-01,1938-01,94,94,,,,,,SER_CA_PHAC_CNDSS_D83_ANNUAL,SER_CA_PHAC_CNDSS_D83_ANNUAL,SRC_CA_PHAC_CNDSS,Paratyphoid,case_notifications,provincial_territorial_voluntary_notifications_national,annual,count,country:CA:national,all,exact,conditional,non_additive,active,missing_is_unknown,CNDSS_NATIONAL_ANNUAL_2026_08,PHAC CNDSS national annual reported count assembled from voluntary provincial and territorial submissions. Disease-specific reporting coverage and definitions vary over time; null cells are unknown and explicit zeroes are retained.,,raw,True,series_registry,single_series,parity,,SER_CA_PHAC_CNDSS_D83_ANNUAL,1,The public curve is read directly from one registered source series.,all,Canada PHAC CNDSS Annual,https://diseases.canada.ca/notifiable/extract-dataset,web,all,Canada PHAC CNDSS Annual,https://diseases.canada.ca/notifiable/extract-dataset,web
country,ca,ca,Canada,public_projection,CA,Canada,D001,Plague,鼠疫,Bacterial,1939-01-01,1939-01,0,0,,,,missing_population,,SER_CA_PHAC_CNDSS_D89_ANNUAL,,,,,,annual,,,,,,,,,,,,,,series_registry,single_series,parity,,SER_CA_PHAC_CNDSS_D89_ANNUAL,1,The public curve is read directly from one registered source series.,all,Canada PHAC CNDSS Annual,https://diseases.canada.ca/notifiable/extract-dataset,web,all,Canada PHAC CNDSS Annual,https://diseases.canada.ca/notifiable/extract-dataset,web
country,ca,ca,Canada,source_series_observation,CA,Canada,D001,Plague,鼠疫,Bacterial,1939-01-01,1939-01,0,0,,,,,,SER_CA_PHAC_CNDSS_D89_ANNUAL,SER_CA_PHAC_CNDSS_D89_ANNUAL,SRC_CA_PHAC_CNDSS,Plague,case_notifications,provincial_territorial_voluntary_notifications_national,annual,count,country:CA:national,all,exact,conditional,non_additive,active,missing_is_unknown,CNDSS_NATIONAL_ANNUAL_2026_08,PHAC CNDSS national annual reported count assembled from voluntary provincial and territorial submissions. Disease-specific reporting coverage and definitions vary over time; null cells are unknown and explicit zeroes are retained.,,raw,True,series_registry,single_series,parity,,SER_CA_PHAC_CNDSS_D89_ANNUAL,1,The public curve is read directly from one registered source series.,all,Canada PHAC CNDSS Annual,https://diseases.canada.ca/notifiable/extract-dataset,web,all,Canada PHAC CNDSS Annual,https://diseases.canada.ca/notifiable/extract-dataset,web
country,ca,ca,Canada,public_projection,CA,Canada,D002,Cholera,霍乱,Bacterial,1939-01-01,1939-01,0,0,,,,missing_population,,SER_CA_PHAC_CNDSS_D21_ANNUAL,,,,,,annual,,,,,,,,,,,,,,series_registry,single_series,parity,,SER_CA_PHAC_CNDSS_D21_ANNUAL,1,The public curve is read directly from one registered source series.,all,Canada PHAC CNDSS Annual,https://diseases.canada.ca/notifiable/extract-dataset,web,all,Canada PHAC CNDSS Annual,https://diseases.canada.ca/notifiable/extract-dataset,web
country,ca,ca,Canada,source_series_observation,CA,Canada,D002,Cholera,霍乱,Bacterial,1939-01-01,1939-01,0,0,,,,,,SER_CA_PHAC_CNDSS_D21_ANNUAL,SER_CA_PHAC_CNDSS_D21_ANNUAL,SRC_CA_PHAC_CNDSS,Cholera,case_notifications,provincial_territorial_voluntary_notifications_national,annual,count,country:CA:national,all,exact,conditional,non_additive,active,missing_is_unknown,CNDSS_NATIONAL_ANNUAL_2026_08,PHAC CNDSS national annual reported count assembled from voluntary provincial and territorial submissions. Disease-specific reporting coverage and definitions vary over time; null cells are unknown and explicit zeroes are retained.,,raw,True,series_registry,single_series,parity,,SER_CA_PHAC_CNDSS_D21_ANNUAL,1,The public curve is read directly from one registered source series.,all,Canada PHAC CNDSS Annual,https://diseases.canada.ca/notifiable/extract-dataset,web,all,Canada PHAC CNDSS Annual,https://diseases.canada.ca/notifiable/extract-dataset,web
country,ca,ca,Canada,public_projection,CA,Canada,D007,Hepatitis A,甲型肝炎,Viral,1939-01-01,1939-01,507,507,,,,missing_population,,SER_CA_PHAC_CNDSS_D48_ANNUAL,,,,,,annual,,,,,,,,,,,,,,series_registry,single_series,parity,,SER_CA_PHAC_CNDSS_D48_ANNUAL,1,The public curve is read directly from one registered source series.,all,Canada PHAC CNDSS Annual,https://diseases.canada.ca/notifiable/extract-dataset,web,all,Canada PHAC CNDSS Annual,https://diseases.canada.ca/notifiable/extract-dataset,web
country,ca,ca,Canada,source_series_observation,CA,Canada,D007,Hepatitis A,甲型肝炎,Viral,1939-01-01,1939-01,507,507,,,,,,SER_CA_PHAC_CNDSS_D48_ANNUAL,SER_CA_PHAC_CNDSS_D48_ANNUAL,SRC_CA_PHAC_CNDSS,Hepatitis A,case_notifications,provincial_territorial_voluntary_notifications_national,annual,count,country:CA:national,all,exact,conditional,non_additive,active,missing_is_unknown,CNDSS_NATIONAL_ANNUAL_2026_08,PHAC CNDSS national annual reported count assembled from voluntary provincial and territorial submissions. Disease-specific reporting coverage and definitions vary over time; null cells are unknown and explicit zeroes are retained.,,raw,True,series_registry,single_series,parity,,SER_CA_PHAC_CNDSS_D48_ANNUAL,1,The public curve is read directly from one registered source series.,all,Canada PHAC CNDSS Annual,https://diseases.canada.ca/notifiable/extract-dataset,web,all,Canada PHAC CNDSS Annual,https://diseases.canada.ca/notifiable/extract-dataset,web
country,ca,ca,Canada,public_projection,CA,Canada,D013,Poliomyelitis,脊髓灰质炎,Viral,1939-01-01,1939-01,359,359,,,,missing_population,,SER_CA_PHAC_CNDSS_D94_ANNUAL,,,,,,annual,,,,,,,,,,,,,,series_registry,single_series,parity,,SER_CA_PHAC_CNDSS_D94_ANNUAL,1,The public curve is read directly from one registered source series.,all,Canada PHAC CNDSS Annual,https://diseases.canada.ca/notifiable/extract-dataset,web,all,Canada PHAC CNDSS Annual,https://diseases.canada.ca/notifiable/extract-dataset,web
country,ca,ca,Canada,source_series_observation,CA,Canada,D013,Poliomyelitis,脊髓灰质炎,Viral,1939-01-01,1939-01,359,359,,,,,,SER_CA_PHAC_CNDSS_D94_ANNUAL,SER_CA_PHAC_CNDSS_D94_ANNUAL,SRC_CA_PHAC_CNDSS,Poliomyelitis,case_notifications,provincial_territorial_voluntary_notifications_national,annual,count,country:CA:national,all,exact,conditional,non_additive,active,missing_is_unknown,CNDSS_NATIONAL_ANNUAL_2026_08,PHAC CNDSS national annual reported count assembled from voluntary provincial and territorial submissions. Disease-specific reporting coverage and definitions vary over time; null cells are unknown and explicit zeroes are retained.,,raw,True,series_registry,single_series,parity,,SER_CA_PHAC_CNDSS_D94_ANNUAL,1,The public curve is read directly from one registered source series.,all,Canada PHAC CNDSS Annual,https://diseases.canada.ca/notifiable/extract-dataset,web,all,Canada PHAC CNDSS Annual,https://diseases.canada.ca/notifiable/extract-dataset,web
country,ca,ca,Canada,public_projection,CA,Canada,D017,Measles,麻疹,Viral,1939-01-01,1939-01,44476,44476,,,,missing_population,,SER_CA_PHAC_CNDSS_D70_ANNUAL,,,,,,annual,,,,,,,,,,,,,,series_registry,single_series,parity,,SER_CA_PHAC_CNDSS_D70_ANNUAL,1,The public curve is read directly from one registered source series.,all,Canada PHAC CNDSS Annual,https://diseases.canada.ca/notifiable/extract-dataset,web,all,Canada PHAC CNDSS Annual,https://diseases.canada.ca/notifiable/extract-dataset,web
country,ca,ca,Canada,source_series_observation,CA,Canada,D017,Measles,麻疹,Viral,1939-01-01,1939-01,44476,44476,,,,,,SER_CA_PHAC_CNDSS_D70_ANNUAL,SER_CA_PHAC_CNDSS_D70_ANNUAL,SRC_CA_PHAC_CNDSS,Measles,case_notifications,provincial_territorial_voluntary_notifications_national,annual,count,country:CA:national,all,exact,conditional,non_additive,active,missing_is_unknown,CNDSS_NATIONAL_ANNUAL_2026_08,PHAC CNDSS national annual reported count assembled from voluntary provincial and territorial submissions. Disease-specific reporting coverage and definitions vary over time; null cells are unknown and explicit zeroes are retained.,,raw,True,series_registry,single_series,parity,,SER_CA_PHAC_CNDSS_D70_ANNUAL,1,The public curve is read directly from one registered source series.,all,Canada PHAC CNDSS Annual,https://diseases.canada.ca/notifiable/extract-dataset,web,all,Canada PHAC CNDSS Annual,https://diseases.canada.ca/notifiable/extract-dataset,web
country,ca,ca,Canada,public_projection,CA,Canada,D019,Rabies,狂犬病,Viral,1939-01-01,1939-01,0,0,,,,missing_population,,SER_CA_PHAC_CNDSS_D98_ANNUAL,,,,,,annual,,,,,,,,,,,,,,series_registry,single_series,parity,,SER_CA_PHAC_CNDSS_D98_ANNUAL,1,The public curve is read directly from one registered source series.,all,Canada PHAC CNDSS Annual,https://diseases.canada.ca/notifiable/extract-dataset,web,all,Canada PHAC CNDSS Annual,https://diseases.canada.ca/notifiable/extract-dataset,web
country,ca,ca,Canada,source_series_observation,CA,Canada,D019,Rabies,狂犬病,Viral,1939-01-01,1939-01,0,0,,,,,,SER_CA_PHAC_CNDSS_D98_ANNUAL,SER_CA_PHAC_CNDSS_D98_ANNUAL,SRC_CA_PHAC_CNDSS,Rabies,case_notifications,provincial_territorial_voluntary_notifications_national,annual,count,country:CA:national,all,exact,conditional,non_additive,active,missing_is_unknown,CNDSS_NATIONAL_ANNUAL_2026_08,PHAC CNDSS national annual reported count assembled from voluntary provincial and territorial submissions. Disease-specific reporting coverage and definitions vary over time; null cells are unknown and explicit zeroes are retained.,,raw,True,series_registry,single_series,parity,,SER_CA_PHAC_CNDSS_D98_ANNUAL,1,The public curve is read directly from one registered source series.,all,Canada PHAC CNDSS Annual,https://diseases.canada.ca/notifiable/extract-dataset,web,all,Canada PHAC CNDSS Annual,https://diseases.canada.ca/notifiable/extract-dataset,web
country,ca,ca,Canada,public_projection,CA,Canada,D023,Anthrax,炭疽,Bacterial,1939-01-01,1939-01,0,0,,,,missing_population,,SER_CA_PHAC_CNDSS_D6_ANNUAL,,,,,,annual,,,,,,,,,,,,,,series_registry,single_series,parity,,SER_CA_PHAC_CNDSS_D6_ANNUAL,1,The public curve is read directly from one registered source series.,all,Canada PHAC CNDSS Annual,https://diseases.canada.ca/notifiable/extract-dataset,web,all,Canada PHAC CNDSS Annual,https://diseases.canada.ca/notifiable/extract-dataset,web
country,ca,ca,Canada,source_series_observation,CA,Canada,D023,Anthrax,炭疽,Bacterial,1939-01-01,1939-01,0,0,,,,,,SER_CA_PHAC_CNDSS_D6_ANNUAL,SER_CA_PHAC_CNDSS_D6_ANNUAL,SRC_CA_PHAC_CNDSS,Anthrax,case_notifications,provincial_territorial_voluntary_notifications_national,annual,count,country:CA:national,all,exact,conditional,non_additive,active,missing_is_unknown,CNDSS_NATIONAL_ANNUAL_2026_08,PHAC CNDSS national annual reported count assembled from voluntary provincial and territorial submissions. Disease-specific reporting coverage and definitions vary over time; null cells are unknown and explicit zeroes are retained.,,raw,True,series_registry,single_series,parity,,SER_CA_PHAC_CNDSS_D6_ANNUAL,1,The public curve is read directly from one registered source series.,all,Canada PHAC CNDSS Annual,https://diseases.canada.ca/notifiable/extract-dataset,web,all,Canada PHAC CNDSS Annual,https://diseases.canada.ca/notifiable/extract-dataset,web
country,ca,ca,Canada,public_projection,CA,Canada,D025,Tuberculosis,肺结核,Bacterial,1939-01-01,1939-01,9864,9864,,,,missing_population,,SER_CA_PHAC_CNDSS_D119_ANNUAL,,,,,,annual,,,,,,,,,,,,,,series_registry,single_series,parity,,SER_CA_PHAC_CNDSS_D119_ANNUAL,1,The public curve is read directly from one registered source series.,all,Canada PHAC CNDSS Annual,https://diseases.canada.ca/notifiable/extract-dataset,web,all,Canada PHAC CNDSS Annual,https://diseases.canada.ca/notifiable/extract-dataset,web
country,ca,ca,Canada,source_series_observation,CA,Canada,D025,Tuberculosis,肺结核,Bacterial,1939-01-01,1939-01,9864,9864,,,,,,SER_CA_PHAC_CNDSS_D119_ANNUAL,SER_CA_PHAC_CNDSS_D119_ANNUAL,SRC_CA_PHAC_CNDSS,Tuberculosis,case_notifications,provincial_territorial_voluntary_notifications_national,annual,count,country:CA:national,all,exact,conditional,non_additive,active,missing_is_unknown,CNDSS_NATIONAL_ANNUAL_2026_08,PHAC CNDSS national annual reported count assembled from voluntary provincial and territorial submissions. Disease-specific reporting coverage and definitions vary over time; null cells are unknown and explicit zeroes are retained.,,raw,True,series_registry,single_series,parity,,SER_CA_PHAC_CNDSS_D119_ANNUAL,1,The public curve is read directly from one registered source series.,all,Canada PHAC CNDSS Annual,https://diseases.canada.ca/notifiable/extract-dataset,web,all,Canada PHAC CNDSS Annual,https://diseases.canada.ca/notifiable/extract-dataset,web
country,ca,ca,Canada,public_projection,CA,Canada,D028,Pertussis,百日咳,Bacterial,1939-01-01,1939-01,17972,17972,,,,missing_population,,SER_CA_PHAC_CNDSS_D85_ANNUAL,,,,,,annual,,,,,,,,,,,,,,series_registry,single_series,parity,,SER_CA_PHAC_CNDSS_D85_ANNUAL,1,The public curve is read directly from one registered source series.,all,Canada PHAC CNDSS Annual,https://diseases.canada.ca/notifiable/extract-dataset,web,all,Canada PHAC CNDSS Annual,https://diseases.canada.ca/notifiable/extract-dataset,web
country,ca,ca,Canada,source_series_observation,CA,Canada,D028,Pertussis,百日咳,Bacterial,1939-01-01,1939-01,17972,17972,,,,,,SER_CA_PHAC_CNDSS_D85_ANNUAL,SER_CA_PHAC_CNDSS_D85_ANNUAL,SRC_CA_PHAC_CNDSS,Pertussis,case_notifications,provincial_territorial_voluntary_notifications_national,annual,count,country:CA:national,all,exact,conditional,non_additive,active,missing_is_unknown,CNDSS_NATIONAL_ANNUAL_2026_08,PHAC CNDSS national annual reported count assembled from voluntary provincial and territorial submissions. Disease-specific reporting coverage and definitions vary over time; null cells are unknown and explicit zeroes are retained.,,raw,True,series_registry,single_series,parity,,SER_CA_PHAC_CNDSS_D85_ANNUAL,1,The public curve is read directly from one registered source series.,all,Canada PHAC CNDSS Annual,https://diseases.canada.ca/notifiable/extract-dataset,web,all,Canada PHAC CNDSS Annual,https://diseases.canada.ca/notifiable/extract-dataset,web
country,ca,ca,Canada,public_projection,CA,Canada,D029,Diphtheria,白喉,Bacterial,1939-01-01,1939-01,2897,2897,,,,missing_population,,SER_CA_PHAC_CNDSS_D32_ANNUAL,,,,,,annual,,,,,,,,,,,,,,series_registry,single_series,parity,,SER_CA_PHAC_CNDSS_D32_ANNUAL,1,The public curve is read directly from one registered source series.,all,Canada PHAC CNDSS Annual,https://diseases.canada.ca/notifiable/extract-dataset,web,all,Canada PHAC CNDSS Annual,https://diseases.canada.ca/notifiable/extract-dataset,web
country,ca,ca,Canada,source_series_observation,CA,Canada,D029,Diphtheria,白喉,Bacterial,1939-01-01,1939-01,2897,2897,,,,,,SER_CA_PHAC_CNDSS_D32_ANNUAL,SER_CA_PHAC_CNDSS_D32_ANNUAL,SRC_CA_PHAC_CNDSS,Diphtheria,case_notifications,provincial_territorial_voluntary_notifications_national,annual,count,country:CA:national,all,exact,conditional,non_additive,active,missing_is_unknown,CNDSS_NATIONAL_ANNUAL_2026_08,PHAC CNDSS national annual reported count assembled from voluntary provincial and territorial submissions. Disease-specific reporting coverage and definitions vary over time; null cells are unknown and explicit zeroes are retained.,,raw,True,series_registry,single_series,parity,,SER_CA_PHAC_CNDSS_D32_ANNUAL,1,The public curve is read directly from one registered source series.,all,Canada PHAC CNDSS Annual,https://diseases.canada.ca/notifiable/extract-dataset,web,all,Canada PHAC CNDSS Annual,https://diseases.canada.ca/notifiable/extract-dataset,web
country,ca,ca,Canada,public_projection,CA,Canada,D032,Brucellosis,布鲁氏菌病,Bacterial,1939-01-01,1939-01,139,139,,,,missing_population,,SER_CA_PHAC_CNDSS_D15_ANNUAL,,,,,,annual,,,,,,,,,,,,,,series_registry,single_series,parity,,SER_CA_PHAC_CNDSS_D15_ANNUAL,1,The public curve is read directly from one registered source series.,all,Canada PHAC CNDSS Annual,https://diseases.canada.ca/notifiable/extract-dataset,web,all,Canada PHAC CNDSS Annual,https://diseases.canada.ca/notifiable/extract-dataset,web
country,ca,ca,Canada,source_series_observation,CA,Canada,D032,Brucellosis,布鲁氏菌病,Bacterial,1939-01-01,1939-01,139,139,,,,,,SER_CA_PHAC_CNDSS_D15_ANNUAL,SER_CA_PHAC_CNDSS_D15_ANNUAL,SRC_CA_PHAC_CNDSS,Brucellosis,case_notifications,provincial_territorial_voluntary_notifications_national,annual,count,country:CA:national,all,exact,conditional,non_additive,active,missing_is_unknown,CNDSS_NATIONAL_ANNUAL_2026_08,PHAC CNDSS national annual reported count assembled from voluntary provincial and territorial submissions. Disease-specific reporting coverage and definitions vary over time; null cells are unknown and explicit zeroes are retained.,,raw,True,series_registry,single_series,parity,,SER_CA_PHAC_CNDSS_D15_ANNUAL,1,The public curve is read directly from one registered source series.,all,Canada PHAC CNDSS Annual,https://diseases.canada.ca/notifiable/extract-dataset,web,all,Canada PHAC CNDSS Annual,https://diseases.canada.ca/notifiable/extract-dataset,web
country,ca,ca,Canada,public_projection,CA,Canada,D033,Gonorrhea,淋病,Bacterial,1939-01-01,1939-01,4413,4413,,,,missing_population,,SER_CA_PHAC_CNDSS_D45_ANNUAL,,,,,,annual,,,,,,,,,,,,,,series_registry,single_series,parity,,SER_CA_PHAC_CNDSS_D45_ANNUAL,1,The public curve is read directly from one registered source series.,all,Canada PHAC CNDSS Annual,https://diseases.canada.ca/notifiable/extract-dataset,web,all,Canada PHAC CNDSS Annual,https://diseases.canada.ca/notifiable/extract-dataset,web
country,ca,ca,Canada,source_series_observation,CA,Canada,D033,Gonorrhea,淋病,Bacterial,1939-01-01,1939-01,4413,4413,,,,,,SER_CA_PHAC_CNDSS_D45_ANNUAL,SER_CA_PHAC_CNDSS_D45_ANNUAL,SRC_CA_PHAC_CNDSS,Gonorrhea,case_notifications,provincial_territorial_voluntary_notifications_national,annual,count,country:CA:national,all,exact,conditional,non_additive,active,missing_is_unknown,CNDSS_NATIONAL_ANNUAL_2026_08,PHAC CNDSS national annual reported count assembled from voluntary provincial and territorial submissions. Disease-specific reporting coverage and definitions vary over time; null cells are unknown and explicit zeroes are retained.,,raw,True,series_registry,single_series,parity,,SER_CA_PHAC_CNDSS_D45_ANNUAL,1,The public curve is read directly from one registered source series.,all,Canada PHAC CNDSS Annual,https://diseases.canada.ca/notifiable/extract-dataset,web,all,Canada PHAC CNDSS Annual,https://diseases.canada.ca/notifiable/extract-dataset,web
country,ca,ca,Canada,public_projection,CA,Canada,D034,Syphilis,梅毒,Bacterial,1939-01-01,1939-01,3413,3413,,,,missing_population,,SER_CA_PHAC_CNDSS_D117_ANNUAL,,,,,,annual,,,,,,,,,,,,,,series_registry,single_series,parity,,SER_CA_PHAC_CNDSS_D117_ANNUAL,1,The public curve is read directly from one registered source series.,all,Canada PHAC CNDSS Annual,https://diseases.canada.ca/notifiable/extract-dataset,web,all,Canada PHAC CNDSS Annual,https://diseases.canada.ca/notifiable/extract-dataset,web
country,ca,ca,Canada,source_series_observation,CA,Canada,D034,Syphilis,梅毒,Bacterial,1939-01-01,1939-01,3413,3413,,,,,,SER_CA_PHAC_CNDSS_D117_ANNUAL,SER_CA_PHAC_CNDSS_D117_ANNUAL,SRC_CA_PHAC_CNDSS,Syphilis,case_notifications,provincial_territorial_voluntary_notifications_national,annual,count,country:CA:national,all,exact,conditional,non_additive,active,missing_is_unknown,CNDSS_NATIONAL_ANNUAL_2026_08,PHAC CNDSS national annual reported count assembled from voluntary provincial and territorial submissions. Disease-specific reporting coverage and definitions vary over time; null cells are unknown and explicit zeroes are retained.,,raw,True,series_registry,single_series,parity,,SER_CA_PHAC_CNDSS_D117_ANNUAL,1,The public curve is read directly from one registered source series.,all,Canada PHAC CNDSS Annual,https://diseases.canada.ca/notifiable/extract-dataset,web,all,Canada PHAC CNDSS Annual,https://diseases.canada.ca/notifiable/extract-dataset,web
country,ca,ca,Canada,public_projection,CA,Canada,D037,Malaria,疟疾,Parasitic,1939-01-01,1939-01,2,2,,,,missing_population,,SER_CA_PHAC_CNDSS_D69_ANNUAL,,,,,,annual,,,,,,,,,,,,,,series_registry,single_series,parity,,SER_CA_PHAC_CNDSS_D69_ANNUAL,1,The public curve is read directly from one registered source series.,all,Canada PHAC CNDSS Annual,https://diseases.canada.ca/notifiable/extract-dataset,web,all,Canada PHAC CNDSS Annual,https://diseases.canada.ca/notifiable/extract-dataset,web
country,ca,ca,Canada,source_series_observation,CA,Canada,D037,Malaria,疟疾,Parasitic,1939-01-01,1939-01,2,2,,,,,,SER_CA_PHAC_CNDSS_D69_ANNUAL,SER_CA_PHAC_CNDSS_D69_ANNUAL,SRC_CA_PHAC_CNDSS,Malaria,case_notifications,provincial_territorial_voluntary_notifications_national,annual,count,country:CA:national,all,exact,conditional,non_additive,active,missing_is_unknown,CNDSS_NATIONAL_ANNUAL_2026_08,PHAC CNDSS national annual reported count assembled from voluntary provincial and territorial submissions. Disease-specific reporting coverage and definitions vary over time; null cells are unknown and explicit zeroes are retained.,,raw,True,series_registry,single_series,parity,,SER_CA_PHAC_CNDSS_D69_ANNUAL,1,The public curve is read directly from one registered source series.,all,Canada PHAC CNDSS Annual,https://diseases.canada.ca/notifiable/extract-dataset,web,all,Canada PHAC CNDSS Annual,https://diseases.canada.ca/notifiable/extract-dataset,web
country,ca,ca,Canada,public_projection,CA,Canada,D038,Influenza,流行性感冒,Viral,1939-01-01,1939-01,18395,18395,,,,missing_population,,SER_CA_PHAC_CNDSS_D958_ANNUAL,,,,,,annual,,,,,,,,,,,,,,series_registry,single_series,parity,,SER_CA_PHAC_CNDSS_D958_ANNUAL,1,The public curve is read directly from one registered source series.,all,Canada PHAC CNDSS Annual,https://diseases.canada.ca/notifiable/extract-dataset,web,all,Canada PHAC CNDSS Annual,https://diseases.canada.ca/notifiable/extract-dataset,web
country,ca,ca,Canada,source_series_observation,CA,Canada,D038,Influenza,流行性感冒,Viral,1939-01-01,1939-01,18395,18395,,,,,,SER_CA_PHAC_CNDSS_D958_ANNUAL,SER_CA_PHAC_CNDSS_D958_ANNUAL,SRC_CA_PHAC_CNDSS,"Influenza, Epidemic",case_notifications,provincial_territorial_voluntary_notifications_national,annual,count,country:CA:national,all,exact,conditional,non_additive,active,missing_is_unknown,CNDSS_NATIONAL_ANNUAL_2026_08,PHAC CNDSS national annual reported count assembled from voluntary provincial and territorial submissions. Disease-specific reporting coverage and definitions vary over time; null cells are unknown and explicit zeroes are retained.,,raw,True,series_registry,single_series,parity,,SER_CA_PHAC_CNDSS_D958_ANNUAL,1,The public curve is read directly from one registered source series.,all,Canada PHAC CNDSS Annual,https://diseases.canada.ca/notifiable/extract-dataset,web,all,Canada PHAC CNDSS Annual,https://diseases.canada.ca/notifiable/extract-dataset,web
country,ca,ca,Canada,public_projection,CA,Canada,D039,Mumps,流行性腮腺炎,Viral,1939-01-01,1939-01,5844,5844,,,,missing_population,,SER_CA_PHAC_CNDSS_D78_ANNUAL,,,,,,annual,,,,,,,,,,,,,,series_registry,single_series,parity,,SER_CA_PHAC_CNDSS_D78_ANNUAL,1,The public curve is read directly from one registered source series.,all,Canada PHAC CNDSS Annual,https://diseases.canada.ca/notifiable/extract-dataset,web,all,Canada PHAC CNDSS Annual,https://diseases.canada.ca/notifiable/extract-dataset,web
country,ca,ca,Canada,source_series_observation,CA,Canada,D039,Mumps,流行性腮腺炎,Viral,1939-01-01,1939-01,5844,5844,,,,,,SER_CA_PHAC_CNDSS_D78_ANNUAL,SER_CA_PHAC_CNDSS_D78_ANNUAL,SRC_CA_PHAC_CNDSS,Mumps,case_notifications,provincial_territorial_voluntary_notifications_national,annual,count,country:CA:national,all,exact,conditional,non_additive,active,missing_is_unknown,CNDSS_NATIONAL_ANNUAL_2026_08,PHAC CNDSS national annual reported count assembled from voluntary provincial and territorial submissions. Disease-specific reporting coverage and definitions vary over time; null cells are unknown and explicit zeroes are retained.,,raw,True,series_registry,single_series,parity,,SER_CA_PHAC_CNDSS_D78_ANNUAL,1,The public curve is read directly from one registered source series.,all,Canada PHAC CNDSS Annual,https://diseases.canada.ca/notifiable/extract-dataset,web,all,Canada PHAC CNDSS Annual,https://diseases.canada.ca/notifiable/extract-dataset,web
country,ca,ca,Canada,public_projection,CA,Canada,D040,Rubella,风疹,Viral,1939-01-01,1939-01,1799,1799,,,,missing_population,,SER_CA_PHAC_CNDSS_D106_ANNUAL,,,,,,annual,,,,,,,,,,,,,,series_registry,single_series,parity,,SER_CA_PHAC_CNDSS_D106_ANNUAL,1,The public curve is read directly from one registered source series.,all,Canada PHAC CNDSS Annual,https://diseases.canada.ca/notifiable/extract-dataset,web,all,Canada PHAC CNDSS Annual,https://diseases.canada.ca/notifiable/extract-dataset,web
country,ca,ca,Canada,source_series_observation,CA,Canada,D040,Rubella,风疹,Viral,1939-01-01,1939-01,1799,1799,,,,,,SER_CA_PHAC_CNDSS_D106_ANNUAL,SER_CA_PHAC_CNDSS_D106_ANNUAL,SRC_CA_PHAC_CNDSS,Rubella,case_notifications,provincial_territorial_voluntary_notifications_national,annual,count,country:CA:national,all,exact,conditional,non_additive,active,missing_is_unknown,CNDSS_NATIONAL_ANNUAL_2026_08,PHAC CNDSS national annual reported count assembled from voluntary provincial and territorial submissions. Disease-specific reporting coverage and definitions vary over time; null cells are unknown and explicit zeroes are retained.,,raw,True,series_registry,single_series,parity,,SER_CA_PHAC_CNDSS_D106_ANNUAL,1,The public curve is read directly from one registered source series.,all,Canada PHAC CNDSS Annual,https://diseases.canada.ca/notifiable/extract-dataset,web,all,Canada PHAC CNDSS Annual,https://diseases.canada.ca/notifiable/extract-dataset,web
country,ca,ca,Canada,public_projection,CA,Canada,D042,Leprosy,麻风病,Bacterial,1939-01-01,1939-01,0,0,,,,missing_population,,SER_CA_PHAC_CNDSS_D64_ANNUAL,,,,,,annual,,,,,,,,,,,,,,series_registry,single_series,parity,,SER_CA_PHAC_CNDSS_D64_ANNUAL,1,The public curve is read directly from one registered source series.,all,Canada PHAC CNDSS Annual,https://diseases.canada.ca/notifiable/extract-dataset,web,all,Canada PHAC CNDSS Annual,https://diseases.canada.ca/notifiable/extract-dataset,web
country,ca,ca,Canada,source_series_observation,CA,Canada,D042,Leprosy,麻风病,Bacterial,1939-01-01,1939-01,0,0,,,,,,SER_CA_PHAC_CNDSS_D64_ANNUAL,SER_CA_PHAC_CNDSS_D64_ANNUAL,SRC_CA_PHAC_CNDSS,Leprosy,case_notifications,provincial_territorial_voluntary_notifications_national,annual,count,country:CA:national,all,exact,conditional,non_additive,active,missing_is_unknown,CNDSS_NATIONAL_ANNUAL_2026_08,PHAC CNDSS national annual reported count assembled from voluntary provincial and territorial submissions. Disease-specific reporting coverage and definitions vary over time; null cells are unknown and explicit zeroes are retained.,,raw,True,series_registry,single_series,parity,,SER_CA_PHAC_CNDSS_D64_ANNUAL,1,The public curve is read directly from one registered source series.,all,Canada PHAC CNDSS Annual,https://diseases.canada.ca/notifiable/extract-dataset,web,all,Canada PHAC CNDSS Annual,https://diseases.canada.ca/notifiable/extract-dataset,web
country,ca,ca,Canada,public_projection,CA,Canada,D054,Varicella,水痘,Viral,1939-01-01,1939-01,25325,25325,,,,missing_population,,SER_CA_PHAC_CNDSS_D20_ANNUAL,,,,,,annual,,,,,,,,,,,,,,series_registry,single_series,parity,,SER_CA_PHAC_CNDSS_D20_ANNUAL,1,The public curve is read directly from one registered source series.,all,Canada PHAC CNDSS Annual,https://diseases.canada.ca/notifiable/extract-dataset,web,all,Canada PHAC CNDSS Annual,https://diseases.canada.ca/notifiable/extract-dataset,web
country,ca,ca,Canada,source_series_observation,CA,Canada,D054,Varicella,水痘,Viral,1939-01-01,1939-01,25325,25325,,,,,,SER_CA_PHAC_CNDSS_D20_ANNUAL,SER_CA_PHAC_CNDSS_D20_ANNUAL,SRC_CA_PHAC_CNDSS,Chickenpox,case_notifications,provincial_territorial_voluntary_notifications_national,annual,count,country:CA:national,all,exact,conditional,non_additive,active,missing_is_unknown,CNDSS_NATIONAL_ANNUAL_2026_08,PHAC CNDSS national annual reported count assembled from voluntary provincial and territorial submissions. Disease-specific reporting coverage and definitions vary over time; null cells are unknown and explicit zeroes are retained.,,raw,True,series_registry,single_series,parity,,SER_CA_PHAC_CNDSS_D20_ANNUAL,1,The public curve is read directly from one registered source series.,all,Canada PHAC CNDSS Annual,https://diseases.canada.ca/notifiable/extract-dataset,web,all,Canada PHAC CNDSS Annual,https://diseases.canada.ca/notifiable/extract-dataset,web
country,ca,ca,Canada,public_projection,CA,Canada,D059,Yellow fever,黄热病,Viral,1939-01-01,1939-01,0,0,,,,missing_population,,SER_CA_PHAC_CNDSS_D134_ANNUAL,,,,,,annual,,,,,,,,,,,,,,series_registry,single_series,parity,,SER_CA_PHAC_CNDSS_D134_ANNUAL,1,The public curve is read directly from one registered source series.,all,Canada PHAC CNDSS Annual,https://diseases.canada.ca/notifiable/extract-dataset,web,all,Canada PHAC CNDSS Annual,https://diseases.canada.ca/notifiable/extract-dataset,web
country,ca,ca,Canada,source_series_observation,CA,Canada,D059,Yellow fever,黄热病,Viral,1939-01-01,1939-01,0,0,,,,,,SER_CA_PHAC_CNDSS_D134_ANNUAL,SER_CA_PHAC_CNDSS_D134_ANNUAL,SRC_CA_PHAC_CNDSS,Yellow Fever,case_notifications,provincial_territorial_voluntary_notifications_national,annual,count,country:CA:national,all,exact,conditional,non_additive,active,missing_is_unknown,CNDSS_NATIONAL_ANNUAL_2026_08,PHAC CNDSS national annual reported count assembled from voluntary provincial and territorial submissions. Disease-specific reporting coverage and definitions vary over time; null cells are unknown and explicit zeroes are retained.,,raw,True,series_registry,single_series,parity,,SER_CA_PHAC_CNDSS_D134_ANNUAL,1,The public curve is read directly from one registered source series.,all,Canada PHAC CNDSS Annual,https://diseases.canada.ca/notifiable/extract-dataset,web,all,Canada PHAC CNDSS Annual,https://diseases.canada.ca/notifiable/extract-dataset,web
country,ca,ca,Canada,public_projection,CA,Canada,D064,Smallpox,天花,,1939-01-01,1939-01,198,198,,,,missing_population,,SER_CA_PHAC_CNDSS_D112_ANNUAL,,,,,,annual,,,,,,,,,,,,,,series_registry,single_series,parity,,SER_CA_PHAC_CNDSS_D112_ANNUAL,1,The public curve is read directly from one registered source series.,all,Canada PHAC CNDSS Annual,https://diseases.canada.ca/notifiable/extract-dataset,web,all,Canada PHAC CNDSS Annual,https://diseases.canada.ca/notifiable/extract-dataset,web
country,ca,ca,Canada,source_series_observation,CA,Canada,D064,Smallpox,天花,,1939-01-01,1939-01,198,198,,,,,,SER_CA_PHAC_CNDSS_D112_ANNUAL,SER_CA_PHAC_CNDSS_D112_ANNUAL,SRC_CA_PHAC_CNDSS,Smallpox,case_notifications,provincial_territorial_voluntary_notifications_national,annual,count,country:CA:national,all,exact,conditional,non_additive,active,missing_is_unknown,CNDSS_NATIONAL_ANNUAL_2026_08,PHAC CNDSS national annual reported count assembled from voluntary provincial and territorial submissions. Disease-specific reporting coverage and definitions vary over time; null cells are unknown and explicit zeroes are retained.,,raw,True,series_registry,single_series,parity,,SER_CA_PHAC_CNDSS_D112_ANNUAL,1,The public curve is read directly from one registered source series.,all,Canada PHAC CNDSS Annual,https://diseases.canada.ca/notifiable/extract-dataset,web,all,Canada PHAC CNDSS Annual,https://diseases.canada.ca/notifiable/extract-dataset,web
country,ca,ca,Canada,public_projection,CA,Canada,D091,Botulism,肉毒杆菌中毒,Bacterial,1939-01-01,1939-01,0,0,,,,missing_population,,SER_CA_PHAC_CNDSS_D13_ANNUAL,,,,,,annual,,,,,,,,,,,,,,series_registry,single_series,parity,,SER_CA_PHAC_CNDSS_D13_ANNUAL,1,The public curve is read directly from one registered source series.,all,Canada PHAC CNDSS Annual,https://diseases.canada.ca/notifiable/extract-dataset,web,all,Canada PHAC CNDSS Annual,https://diseases.canada.ca/notifiable/extract-dataset,web
country,ca,ca,Canada,source_series_observation,CA,Canada,D091,Botulism,肉毒杆菌中毒,Bacterial,1939-01-01,1939-01,0,0,,,,,,SER_CA_PHAC_CNDSS_D13_ANNUAL,SER_CA_PHAC_CNDSS_D13_ANNUAL,SRC_CA_PHAC_CNDSS,Botulism,case_notifications,provincial_territorial_voluntary_notifications_national,annual,count,country:CA:national,all,exact,conditional,non_additive,active,missing_is_unknown,CNDSS_NATIONAL_ANNUAL_2026_08,PHAC CNDSS national annual reported count assembled from voluntary provincial and territorial submissions. Disease-specific reporting coverage and definitions vary over time; null cells are unknown and explicit zeroes are retained.,,raw,True,series_registry,single_series,parity,,SER_CA_PHAC_CNDSS_D13_ANNUAL,1,The public curve is read directly from one registered source series.,all,Canada PHAC CNDSS Annual,https://diseases.canada.ca/notifiable/extract-dataset,web,all,Canada PHAC CNDSS Annual,https://diseases.canada.ca/notifiable/extract-dataset,web
country,ca,ca,Canada,public_projection,CA,Canada,D105,Shigellosis,志贺菌病,Bacterial,1939-01-01,1939-01,92,92,,,,missing_population,,SER_CA_PHAC_CNDSS_D111_ANNUAL,,,,,,annual,,,,,,,,,,,,,,series_registry,single_series,parity,,SER_CA_PHAC_CNDSS_D111_ANNUAL,1,The public curve is read directly from one registered source series.,all,Canada PHAC CNDSS Annual,https://diseases.canada.ca/notifiable/extract-dataset,web,all,Canada PHAC CNDSS Annual,https://diseases.canada.ca/notifiable/extract-dataset,web
country,ca,ca,Canada,source_series_observation,CA,Canada,D105,Shigellosis,志贺菌病,Bacterial,1939-01-01,1939-01,92,92,,,,,,SER_CA_PHAC_CNDSS_D111_ANNUAL,SER_CA_PHAC_CNDSS_D111_ANNUAL,SRC_CA_PHAC_CNDSS,Shigellosis,case_notifications,provincial_territorial_voluntary_notifications_national,annual,count,country:CA:national,all,exact,conditional,non_additive,active,missing_is_unknown,CNDSS_NATIONAL_ANNUAL_2026_08,PHAC CNDSS national annual reported count assembled from voluntary provincial and territorial submissions. Disease-specific reporting coverage and definitions vary over time; null cells are unknown and explicit zeroes are retained.,,raw,True,series_registry,single_series,parity,,SER_CA_PHAC_CNDSS_D111_ANNUAL,1,The public curve is read directly from one registered source series.,all,Canada PHAC CNDSS Annual,https://diseases.canada.ca/notifiable/extract-dataset,web,all,Canada PHAC CNDSS Annual,https://diseases.canada.ca/notifiable/extract-dataset,web
country,ca,ca,Canada,public_projection,CA,Canada,D110,Meningococcal disease,脑膜炎球菌病,Bacterial,1939-01-01,1939-01,161,161,,,,missing_population,,SER_CA_PHAC_CNDSS_D74_ANNUAL,,,,,,annual,,,,,,,,,,,,,,series_registry,single_series,parity,,SER_CA_PHAC_CNDSS_D74_ANNUAL,1,The public curve is read directly from one registered source series.,all,Canada PHAC CNDSS Annual,https://diseases.canada.ca/notifiable/extract-dataset,web,all,Canada PHAC CNDSS Annual,https://diseases.canada.ca/notifiable/extract-dataset,web
country,ca,ca,Canada,source_series_observation,CA,Canada,D110,Meningococcal disease,脑膜炎球菌病,Bacterial,1939-01-01,1939-01,161,161,,,,,,SER_CA_PHAC_CNDSS_D74_ANNUAL,SER_CA_PHAC_CNDSS_D74_ANNUAL,SRC_CA_PHAC_CNDSS,"Meningococcal Disease, Invasive",case_notifications,provincial_territorial_voluntary_notifications_national,annual,count,country:CA:national,all,exact,conditional,non_additive,active,missing_is_unknown,CNDSS_NATIONAL_ANNUAL_2026_08,PHAC CNDSS national annual reported count assembled from voluntary provincial and territorial submissions. Disease-specific reporting coverage and definitions vary over time; null cells are unknown and explicit zeroes are retained.,,raw,True,series_registry,single_series,parity,,SER_CA_PHAC_CNDSS_D74_ANNUAL,1,The public curve is read directly from one registered source series.,all,Canada PHAC CNDSS Annual,https://diseases.canada.ca/notifiable/extract-dataset,web,all,Canada PHAC CNDSS Annual,https://diseases.canada.ca/notifiable/extract-dataset,web
country,ca,ca,Canada,public_projection,CA,Canada,D122,Trichinellosis,旋毛虫病,Parasitic,1939-01-01,1939-01,0,0,,,,missing_population,,SER_CA_PHAC_CNDSS_D123_ANNUAL,,,,,,annual,,,,,,,,,,,,,,series_registry,single_series,parity,,SER_CA_PHAC_CNDSS_D123_ANNUAL,1,The public curve is read directly from one registered source series.,all,Canada PHAC CNDSS Annual,https://diseases.canada.ca/notifiable/extract-dataset,web,all,Canada PHAC CNDSS Annual,https://diseases.canada.ca/notifiable/extract-dataset,web
country,ca,ca,Canada,source_series_observation,CA,Canada,D122,Trichinellosis,旋毛虫病,Parasitic,1939-01-01,1939-01,0,0,,,,,,SER_CA_PHAC_CNDSS_D123_ANNUAL,SER_CA_PHAC_CNDSS_D123_ANNUAL,SRC_CA_PHAC_CNDSS,Trichinosis,case_notifications,provincial_territorial_voluntary_notifications_national,annual,count,country:CA:national,all,exact,conditional,non_additive,active,missing_is_unknown,CNDSS_NATIONAL_ANNUAL_2026_08,PHAC CNDSS national annual reported count assembled from voluntary provincial and territorial submissions. Disease-specific reporting coverage and definitions vary over time; null cells are unknown and explicit zeroes are retained.,,raw,True,series_registry,single_series,parity,,SER_CA_PHAC_CNDSS_D123_ANNUAL,1,The public curve is read directly from one registered source series.,all,Canada PHAC CNDSS Annual,https://diseases.canada.ca/notifiable/extract-dataset,web,all,Canada PHAC CNDSS Annual,https://diseases.canada.ca/notifiable/extract-dataset,web
country,ca,ca,Canada,public_projection,CA,Canada,D123,Tularemia,土拉菌病,Bacterial,1939-01-01,1939-01,3,3,,,,missing_population,,SER_CA_PHAC_CNDSS_D127_ANNUAL,,,,,,annual,,,,,,,,,,,,,,series_registry,single_series,parity,,SER_CA_PHAC_CNDSS_D127_ANNUAL,1,The public curve is read directly from one registered source series.,all,Canada PHAC CNDSS Annual,https://diseases.canada.ca/notifiable/extract-dataset,web,all,Canada PHAC CNDSS Annual,https://diseases.canada.ca/notifiable/extract-dataset,web
country,ca,ca,Canada,source_series_observation,CA,Canada,D123,Tularemia,土拉菌病,Bacterial,1939-01-01,1939-01,3,3,,,,,,SER_CA_PHAC_CNDSS_D127_ANNUAL,SER_CA_PHAC_CNDSS_D127_ANNUAL,SRC_CA_PHAC_CNDSS,Tularemia,case_notifications,provincial_territorial_voluntary_notifications_national,annual,count,country:CA:national,all,exact,conditional,non_additive,active,missing_is_unknown,CNDSS_NATIONAL_ANNUAL_2026_08,PHAC CNDSS national annual reported count assembled from voluntary provincial and territorial submissions. Disease-specific reporting coverage and definitions vary over time; null cells are unknown and explicit zeroes are retained.,,raw,True,series_registry,single_series,parity,,SER_CA_PHAC_CNDSS_D127_ANNUAL,1,The public curve is read directly from one registered source series.,all,Canada PHAC CNDSS Annual,https://diseases.canada.ca/notifiable/extract-dataset,web,all,Canada PHAC CNDSS Annual,https://diseases.canada.ca/notifiable/extract-dataset,web
country,ca,ca,Canada,public_projection,CA,Canada,D124,Typhoid fever,伤寒,Bacterial,1939-01-01,1939-01,1233,1233,,,,missing_population,,SER_CA_PHAC_CNDSS_D129_ANNUAL,,,,,,annual,,,,,,,,,,,,,,series_registry,single_series,parity,,SER_CA_PHAC_CNDSS_D129_ANNUAL,1,The public curve is read directly from one registered source series.,all,Canada PHAC CNDSS Annual,https://diseases.canada.ca/notifiable/extract-dataset,web,all,Canada PHAC CNDSS Annual,https://diseases.canada.ca/notifiable/extract-dataset,web
country,ca,ca,Canada,source_series_observation,CA,Canada,D124,Typhoid fever,伤寒,Bacterial,1939-01-01,1939-01,1233,1233,,,,,,SER_CA_PHAC_CNDSS_D129_ANNUAL,SER_CA_PHAC_CNDSS_D129_ANNUAL,SRC_CA_PHAC_CNDSS,Typhoid Fever,case_notifications,provincial_territorial_voluntary_notifications_national,annual,count,country:CA:national,all,exact,conditional,non_additive,active,missing_is_unknown,CNDSS_NATIONAL_ANNUAL_2026_08,PHAC CNDSS national annual reported count assembled from voluntary provincial and territorial submissions. Disease-specific reporting coverage and definitions vary over time; null cells are unknown and explicit zeroes are retained.,,raw,True,series_registry,single_series,parity,,SER_CA_PHAC_CNDSS_D129_ANNUAL,1,The public curve is read directly from one registered source series.,all,Canada PHAC CNDSS Annual,https://diseases.canada.ca/notifiable/extract-dataset,web,all,Canada PHAC CNDSS Annual,https://diseases.canada.ca/notifiable/extract-dataset,web
country,ca,ca,Canada,public_projection,CA,Canada,D165,Amebiasis,阿米巴病,Parasitic,1939-01-01,1939-01,6,6,,,,missing_population,,SER_CA_PHAC_CNDSS_D2_ANNUAL,,,,,,annual,,,,,,,,,,,,,,series_registry,single_series,parity,,SER_CA_PHAC_CNDSS_D2_ANNUAL,1,The public curve is read directly from one registered source series.,all,Canada PHAC CNDSS Annual,https://diseases.canada.ca/notifiable/extract-dataset,web,all,Canada PHAC CNDSS Annual,https://diseases.canada.ca/notifiable/extract-dataset,web
country,ca,ca,Canada,source_series_observation,CA,Canada,D165,Amebiasis,阿米巴病,Parasitic,1939-01-01,1939-01,6,6,,,,,,SER_CA_PHAC_CNDSS_D2_ANNUAL,SER_CA_PHAC_CNDSS_D2_ANNUAL,SRC_CA_PHAC_CNDSS,Amoebiasis,case_notifications,provincial_territorial_voluntary_notifications_national,annual,count,country:CA:national,all,exact,conditional,non_additive,active,missing_is_unknown,CNDSS_NATIONAL_ANNUAL_2026_08,PHAC CNDSS national annual reported count assembled from voluntary provincial and territorial submissions. Disease-specific reporting coverage and definitions vary over time; null cells are unknown and explicit zeroes are retained.,,raw,True,series_registry,single_series,parity,,SER_CA_PHAC_CNDSS_D2_ANNUAL,1,The public curve is read directly from one registered source series.,all,Canada PHAC CNDSS Annual,https://diseases.canada.ca/notifiable/extract-dataset,web,all,Canada PHAC CNDSS Annual,https://diseases.canada.ca/notifiable/extract-dataset,web
country,ca,ca,Canada,public_projection,CA,Canada,D234,Paratyphoid fever,副伤寒,Bacterial,1939-01-01,1939-01,84,84,,,,missing_population,,SER_CA_PHAC_CNDSS_D83_ANNUAL,,,,,,annual,,,,,,,,,,,,,,series_registry,single_series,parity,,SER_CA_PHAC_CNDSS_D83_ANNUAL,1,The public curve is read directly from one registered source series.,all,Canada PHAC CNDSS Annual,https://diseases.canada.ca/notifiable/extract-dataset,web,all,Canada PHAC CNDSS Annual,https://diseases.canada.ca/notifiable/extract-dataset,web
country,ca,ca,Canada,source_series_observation,CA,Canada,D234,Paratyphoid fever,副伤寒,Bacterial,1939-01-01,1939-01,84,84,,,,,,SER_CA_PHAC_CNDSS_D83_ANNUAL,SER_CA_PHAC_CNDSS_D83_ANNUAL,SRC_CA_PHAC_CNDSS,Paratyphoid,case_notifications,provincial_territorial_voluntary_notifications_national,annual,count,country:CA:national,all,exact,conditional,non_additive,active,missing_is_unknown,CNDSS_NATIONAL_ANNUAL_2026_08,PHAC CNDSS national annual reported count assembled from voluntary provincial and territorial submissions. Disease-specific reporting coverage and definitions vary over time; null cells are unknown and explicit zeroes are retained.,,raw,True,series_registry,single_series,parity,,SER_CA_PHAC_CNDSS_D83_ANNUAL,1,The public curve is read directly from one registered source series.,all,Canada PHAC CNDSS Annual,https://diseases.canada.ca/notifiable/extract-dataset,web,all,Canada PHAC CNDSS Annual,https://diseases.canada.ca/notifiable/extract-dataset,web
